UUUU 0.631721 -0.032947 -0.243826 0.282189 -0.003302 -0.116216 0.077556 0.436119 -0.621924 -0.435205 0.958283 0.566456 0.189994 -0.747990 -0.317508 0.032829 -0.535600 -0.695208 -0.817878 0.298764 -0.176708 -0.105861 0.059873 -0.669829 -0.196624 0.592312 -0.369043 -0.707121 -0.383932 -0.158201
AAAA 0.349769 0.119128 -0.159472 -0.073572 -0.144917 0.341325 -0.313454 0.140604 -0.082689 -0.362565 0.753444 0.648538 0.519111 -0.278002 -0.826440 0.508675 -0.427992 -0.795064 -0.905943 -0.149639 0.123934 -0.054679 0.238404 -0.259286 -0.247160 -0.030890 -0.140479 -0.012895 -0.348413 -0.279802
AUUU 0.483589 0.129728 -0.069955 0.224185 -0.039578 0.000989 -0.040456 0.265662 -0.403675 -0.565136 0.831895 0.431576 0.052702 -0.482232 -0.662402 0.152959 -0.147967 -0.777631 -0.816519 -0.013777 0.189517 0.206294 0.121198 -0.289487 -0.115507 0.502172 -0.256314 -0.610205 -0.675413 -0.405434
AAAU 0.454442 0.253022 -0.065004 0.116698 -0.090341 0.217820 -0.155959 0.144588 -0.114682 -0.658921 0.773283 0.627510 0.270610 -0.250567 -0.820922 0.353387 -0.038128 -0.766766 -0.720042 0.001202 0.279562 0.275826 0.406131 -0.068249 -0.063249 0.333840 -0.205281 -0.141647 -0.601515 -0.170889
UUUA 0.541361 -0.015965 -0.196274 0.139947 -0.064054 0.098902 -0.099773 0.237880 -0.380612 -0.491128 0.647243 0.543573 0.247099 -0.517705 -0.606999 0.097425 -0.406972 -0.874457 -0.844229 -0.022086 0.006964 0.108119 0.370481 -0.222759 -0.131839 0.337253 -0.263351 -0.588384 -0.533433 -0.315652
UAAA 0.420934 0.246195 -0.161187 0.047013 -0.153834 0.104727 -0.113935 0.286076 -0.083693 -0.496041 0.656720 0.629081 0.341059 -0.282469 -0.948765 0.269413 -0.175204 -0.810830 -0.725755 -0.139968 0.145354 0.105101 0.400082 -0.240079 -0.134801 0.235670 -0.105789 -0.216982 -0.591849 -0.390173
UUCU 0.445562 -0.157452 -0.295349 0.265816 -0.116791 0.026202 0.033337 0.155077 -0.546618 -0.832070 0.656568 0.052715 -0.396249 -0.406640 -0.482394 0.209103 -0.004408 -0.900523 -0.386031 0.265249 0.227992 0.307053 -0.188275 -0.263662 0.075229 0.820949 -0.484537 -0.638968 -0.416018 0.034412
AGAA 0.543361 0.090316 -0.103943 0.017864 -0.020522 0.544770 -0.426630 -0.224925 -0.086615 -0.741912 0.634099 0.435888 0.173036 -0.150173 -1.078158 0.436598 0.029189 -0.742576 -0.577319 -0.194774 0.185743 0.125513 -0.262322 -0.069059 0.060451 0.122099 -0.149741 0.304134 -0.456744 -0.183819
UUUC 0.718738 -0.072122 -0.242352 0.060526 -0.047328 0.027431 0.115794 0.332543 -0.659211 -0.542525 0.760856 0.068829 -0.374638 -0.448960 -0.775677 0.164627 -0.102201 -0.936763 -0.468765 -0.147520 0.037591 0.007116 -0.325332 -0.405710 0.049045 0.556082 -0.358848 -0.812728 -0.698359 -0.095463
GAAA 0.559369 -0.038407 -0.269489 0.150543 -0.212035 0.450447 -0.480278 -0.130599 0.076574 -0.845470 0.654871 0.530518 0.274671 -0.084811 -1.016766 0.380574 -0.051673 -0.742424 -0.502108 0.147791 0.260397 0.232800 0.136836 -0.015167 0.031156 0.127810 -0.277644 0.218383 -0.451597 -0.342031
AAUU 0.404572 0.212359 -0.234226 0.185050 -0.083475 0.147830 -0.063246 0.354451 -0.285016 -0.558020 0.710034 0.595391 0.092016 -0.333256 -0.771383 0.351912 -0.058953 -0.825558 -0.806775 -0.004717 0.223256 0.248740 0.227736 -0.241807 -0.062862 0.429082 -0.269955 -0.405827 -0.577142 -0.361237
UAUU 0.399259 0.177213 -0.218895 0.235918 -0.130294 -0.080337 0.100369 0.418346 -0.368340 -0.435856 0.606579 0.480150 -0.023125 -0.432218 -0.678928 0.157019 -0.180797 -0.770333 -0.757865 0.049718 -0.025546 0.313003 0.336168 -0.347489 -0.140769 0.539958 -0.239476 -0.672763 -0.720637 -0.647257
AAUA 0.418462 0.244470 -0.220523 0.009886 -0.121450 0.214091 -0.225772 0.338961 -0.175000 -0.493332 0.541292 0.669145 0.222395 -0.094855 -1.068290 0.389031 -0.209289 -0.792367 -0.727266 -0.153557 0.099957 0.176235 0.536751 -0.136119 -0.005278 0.144626 -0.281921 -0.228333 -0.653505 -0.422062
UUAA 0.448243 0.150113 -0.148378 0.047349 -0.145190 0.065719 -0.054260 0.254443 -0.278144 -0.595923 0.672046 0.664185 0.263907 -0.472304 -0.681459 0.256228 -0.295761 -0.808065 -0.900949 -0.133145 0.049683 0.150098 0.378615 -0.272407 -0.163062 0.212309 -0.105816 -0.319939 -0.591969 -0.241042
CUUU 0.436798 -0.056648 -0.167317 0.210583 -0.084920 -0.056562 0.008820 0.271735 -0.483484 -0.659666 0.749517 0.213402 -0.284434 -0.484899 -0.486219 0.164452 -0.180225 -0.766873 -0.482928 0.460738 0.258066 0.139525 -0.321257 -0.400593 0.021371 0.622137 -0.405985 -0.629030 -0.596826 -0.041945
AAAG 0.567173 0.053170 -0.241534 0.011545 -0.123227 0.473806 -0.300074 -0.079780 -0.004309 -0.686645 0.712924 0.564021 0.175758 -0.136150 -0.967849 0.542375 -0.072954 -0.665669 -0.595718 0.064574 0.298481 0.061169 -0.226009 -0.089888 -0.086985 0.062485 -0.190620 0.157220 -0.398759 -0.134169
UUAU 0.465784 0.077772 -0.118875 0.257209 -0.168295 -0.055820 0.182874 0.317129 -0.397059 -0.587104 0.736441 0.400733 0.092542 -0.466922 -0.540273 0.149071 -0.118498 -0.782651 -0.702612 -0.133310 0.020803 0.490807 0.477040 -0.282502 -0.115914 0.701298 -0.217427 -0.585412 -0.546476 -0.531534
AUAA 0.363117 0.297448 -0.139683 -0.024690 -0.078895 0.176745 -0.190561 0.234413 -0.136866 -0.582153 0.680389 0.568160 0.348438 -0.205519 -1.062931 0.335613 -0.030296 -0.819612 -0.690209 -0.328159 0.183438 0.227414 0.485406 -0.183135 0.014247 0.208893 -0.086388 -0.102048 -0.663561 -0.368534
UUUG 0.670234 -0.030683 -0.158902 0.291741 -0.021421 0.037983 -0.233492 0.124512 -0.408506 -0.806824 0.656953 0.294916 -0.254432 -0.376457 -0.767643 0.000178 -0.052535 -0.472784 -0.500002 0.137998 0.110004 0.046723 -0.208439 -0.283664 0.039777 0.581760 -0.396061 -0.333192 -0.591197 -0.487947
UCUU 0.549866 -0.015461 -0.218087 0.196664 0.016063 -0.033489 0.093163 0.217108 -0.525461 -0.594085 0.830866 -0.019316 -0.265633 -0.449096 -0.520800 0.161077 -0.070614 -0.793330 -0.346212 0.509025 0.084850 0.266348 -0.322611 -0.433115 -0.017823 0.730450 -0.395419 -0.690099 -0.663291 -0.047588
CAAA 0.421385 0.171500 -0.103275 -0.025822 -0.190677 0.355538 -0.187238 0.169439 -0.098269 -0.643145 0.654273 0.386998 -0.006141 0.031226 -1.160524 0.299048 -0.139085 -0.867159 -0.411799 -0.047305 0.300721 0.203928 0.056559 -0.073458 -0.063722 0.194522 -0.378907 -0.111406 -0.451135 -0.117861
AAGA 0.537377 0.032978 -0.276509 0.032788 0.034536 0.631339 -0.465282 -0.216237 0.054634 -0.652669 0.538295 0.605285 0.295693 -0.120680 -1.010705 0.408098 0.039641 -0.710094 -0.564693 0.029179 0.209424 0.066305 -0.259599 -0.051914 -0.046422 0.057929 -0.199706 0.159114 -0.367989 -0.226946
AUAU 0.208429 0.232966 0.291226 0.056233 -0.271778 -0.026711 -0.001868 0.244351 -0.206410 -0.719383 0.725156 0.574214 0.176606 -0.466795 -0.768622 0.179289 0.119056 -0.755421 -0.785342 -0.514014 0.234070 0.461374 0.768573 -0.054046 0.060233 0.605178 -0.178448 -0.296216 -0.546042 -0.278569
UGAA 0.502687 0.082419 -0.042703 0.143187 -0.179834 0.446213 -0.230886 0.016852 -0.157071 -0.805331 0.637189 0.441870 -0.019100 -0.128356 -1.047555 0.271639 0.153364 -0.748609 -0.465297 -0.092484 0.122871 0.299459 -0.081174 -0.123143 0.070076 0.194499 -0.231671 -0.127379 -0.668180 -0.336657
UUCA 0.447089 -0.082638 -0.298884 0.136795 -0.153275 0.272386 -0.020466 0.142975 -0.373530 -0.674071 0.497008 0.151272 -0.244464 -0.372502 -0.835993 0.197756 0.027665 -0.923716 -0.371922 0.111363 -0.055447 0.359522 0.051582 -0.175558 0.211856 0.636638 -0.510431 -0.419821 -0.443335 -0.125553
CAUU 0.398616 -0.027688 -0.326972 0.211498 -0.208074 0.114115 0.039945 0.302896 -0.313843 -0.602099 0.586005 0.130702 -0.366531 -0.348730 -0.769301 0.187996 -0.053674 -0.774582 -0.564719 0.170798 0.224335 0.285550 -0.067268 -0.063263 -0.039279 0.395787 -0.426228 -0.680646 -0.539027 -0.391161
AAUG 0.517982 0.123066 -0.191191 0.022950 -0.126207 0.418868 -0.242044 0.127546 -0.137221 -0.735780 0.619665 0.488672 0.025896 -0.175652 -0.979503 0.275607 -0.054364 -0.701299 -0.534449 0.057546 0.178034 0.323070 -0.062008 -0.079323 0.045964 0.092789 -0.204696 -0.019357 -0.635735 -0.423767
UAAU 0.440492 0.237215 -0.067954 0.254045 -0.068112 0.054366 -0.005272 0.291787 -0.169838 -0.558561 0.713128 0.564091 0.224525 -0.311447 -0.764515 0.184301 0.000867 -0.710805 -0.716027 0.078365 0.166244 0.308848 0.467247 -0.115867 -0.002428 0.382796 -0.217358 -0.495038 -0.762359 -0.403418
AUUA 0.603674 0.150607 -0.144088 -0.052112 -0.082716 0.225696 0.088854 0.409130 -0.293544 -0.545324 0.536766 0.620511 0.271361 -0.279185 -0.771604 0.274275 -0.319021 -0.980202 -0.642585 -0.228863 0.019404 0.372616 0.328086 -0.267540 -0.029884 0.440011 -0.178357 -0.305356 -0.486649 -0.511370
UGUU 0.555402 0.008377 -0.204395 0.322195 -0.133276 -0.075675 -0.025279 0.254397 -0.377292 -0.693475 0.632034 0.186278 -0.368097 -0.444129 -0.653577 -0.053086 0.080706 -0.516171 -0.534310 0.127880 -0.068044 0.134305 -0.205384 -0.390571 0.029964 0.519296 -0.378168 -0.386755 -0.549895 -0.477019
AACA 0.634127 0.085863 -0.219117 0.018093 -0.233306 0.442247 -0.117484 0.086446 -0.060054 -0.498178 0.636187 0.408028 0.039571 0.096392 -1.077912 0.381187 -0.165602 -0.795533 -0.402347 -0.032476 0.105416 0.199774 0.156932 -0.033657 -0.056404 0.099995 -0.402307 0.051583 -0.387031 -0.037404
CAGA 0.486151 -0.135899 -0.042305 0.116738 -0.204063 0.688437 -0.282660 -0.295574 0.053983 -0.741261 0.590694 0.376261 -0.120652 0.107724 -1.089998 0.338824 0.135856 -0.724349 -0.116091 0.293198 0.272469 0.295257 -0.616041 -0.053709 -0.047342 0.266731 -0.470459 -0.022748 -0.288183 -0.026589
UCUG 0.521196 -0.142809 -0.061527 0.204252 -0.055310 0.182880 -0.139761 -0.239484 -0.271367 -0.730348 0.644413 -0.037032 -0.438342 -0.217232 -0.831685 0.058524 0.163480 -0.671453 -0.165172 0.423456 0.152124 0.280900 -0.793952 -0.292272 -0.070114 0.503434 -0.400198 -0.421964 -0.589281 -0.041694
CUCU 0.389237 -0.350478 -0.082582 -0.024737 -0.110504 0.035230 -0.125542 -0.206256 -0.457566 -0.896887 0.418248 -0.119412 -0.772665 -0.313774 -0.289947 0.118149 -0.010165 -0.961856 -0.053487 0.465162 0.463519 0.333087 -0.711100 -0.134124 0.152334 0.779402 -0.613979 -0.524122 -0.549496 0.461710
AGAG 0.524573 -0.051831 0.088486 0.048721 -0.033633 0.732520 -0.535478 -0.485507 0.022843 -0.783381 0.539733 0.338369 -0.100925 -0.130813 -1.078935 0.294286 0.074223 -0.651365 -0.414527 -0.009235 0.349761 -0.031549 -0.974482 -0.032025 0.006852 0.146311 -0.322567 0.432479 -0.310208 -0.042985
UAUA 0.603049 0.067205 -0.087812 0.066844 -0.349649 0.040926 -0.005734 0.509462 -0.063116 -0.214222 0.565810 0.769246 0.030836 0.077736 -0.863580 0.254680 -0.238635 -0.571016 -0.504205 -0.060650 0.084013 0.150383 0.681195 -0.046646 -0.254381 0.241965 -0.350903 -0.777870 -0.786714 -0.938429
UCCU 0.259948 -0.140098 -0.124423 0.338120 -0.178195 0.105369 0.046873 -0.045083 -0.462623 -0.754088 0.645372 -0.275541 -0.611219 -0.161864 -0.712208 0.173660 0.050462 -0.798989 -0.054880 0.605377 0.274225 0.332745 -0.736666 -0.368522 0.000378 0.692251 -0.532029 -0.580973 -0.451058 0.338744
GUUU 0.400685 -0.020224 -0.171772 0.508307 -0.224644 -0.050277 -0.183532 0.256669 -0.434080 -0.913858 0.673793 0.341057 -0.251023 -0.411075 -0.502250 -0.021136 -0.187978 -0.548573 -0.582519 0.339661 0.097011 0.229333 -0.029989 -0.390979 -0.003420 0.686166 -0.475909 -0.295630 -0.408450 -0.466115
AGGA 0.527749 -0.212157 0.089146 0.143837 -0.061376 0.911773 -0.536213 -0.516715 0.014578 -0.815264 0.548966 0.432427 0.108175 -0.047745 -1.124664 0.338614 0.111734 -0.651991 -0.243231 0.015782 0.208593 0.098323 -0.889220 -0.081248 0.148214 0.139518 -0.324406 0.264511 -0.268943 -0.142959
AAAC 0.572770 0.184643 -0.035016 -0.285277 -0.125803 0.343160 -0.103308 0.227424 -0.110725 -0.482453 0.722891 0.383423 0.098672 -0.220607 -1.172686 0.304447 -0.066916 -0.940676 -0.501226 -0.405836 0.265790 -0.167814 -0.126569 -0.152655 -0.025294 0.050418 -0.137825 -0.129642 -0.568716 0.001991
GGAA 0.587161 -0.178772 -0.042927 0.342477 -0.164641 0.722968 -0.556336 -0.438201 0.014076 -1.033108 0.554865 0.435018 0.216594 -0.053135 -1.066621 0.175873 -0.064092 -0.614167 -0.279397 0.293911 0.182782 0.364021 -0.360767 -0.054462 0.183688 0.174377 -0.311954 0.422475 -0.426260 -0.144923
UUCC 0.494240 -0.206349 -0.122831 0.064580 -0.188044 0.246028 0.205535 0.149869 -0.572696 -0.647261 0.667872 -0.117815 -0.589003 -0.316292 -0.899586 0.153281 0.107895 -0.878497 -0.161937 -0.088400 0.141280 0.088387 -0.715876 -0.345748 0.017539 0.437683 -0.348862 -0.893624 -0.569554 0.292806
UCAU 0.481640 0.013974 0.059785 0.212693 -0.187990 0.141975 0.132711 0.324164 -0.426062 -0.665229 0.756813 0.022949 -0.312641 -0.333397 -0.486365 0.143255 0.033791 -0.743247 -0.449419 0.184213 0.185927 0.520711 -0.082575 -0.111592 0.199516 0.416903 -0.380951 -0.449884 -0.610251 -0.251353
AUGU 0.300335 0.132062 0.251529 0.265832 -0.204819 0.193968 -0.116939 -0.073703 -0.040952 -0.736336 0.649579 0.441467 -0.029408 -0.445577 -0.771586 -0.118214 0.209934 -0.685322 -0.588471 -0.081439 0.305111 0.296471 0.140499 0.057353 -0.101661 0.585573 -0.345369 -0.339955 -0.490829 -0.173707
ACAU 0.442106 0.139847 0.188801 -0.008383 -0.268166 0.094543 0.037453 0.146220 -0.137813 -0.730844 0.835657 0.242982 -0.036544 -0.337635 -0.836967 0.071684 0.076075 -0.770096 -0.450619 -0.157844 0.293973 0.270547 0.154487 -0.049630 0.017518 0.462345 -0.251304 -0.091042 -0.420717 -0.090261
AUGA 0.543179 0.110640 -0.113711 0.141684 -0.139098 0.552076 -0.179557 -0.021358 -0.067976 -0.766820 0.546521 0.504468 0.040293 -0.158562 -1.035073 0.258356 0.091868 -0.710981 -0.520033 -0.100059 0.181396 0.306089 -0.075413 0.020311 0.050918 0.176240 -0.218209 0.002410 -0.568112 -0.305456
UGUG 0.469879 -0.245191 0.196322 -0.030589 -0.424611 0.136405 -0.316257 -0.320539 -0.034019 -0.665789 0.623740 0.165300 -0.620726 -0.081548 -0.960327 -0.100388 0.214689 -0.074175 -0.034024 0.202358 -0.282312 0.242555 -0.671117 -0.458060 -0.387729 0.315386 -0.481885 -0.298535 -0.728931 -0.834595
CACA 0.605185 -0.329944 0.059726 -0.100413 -0.618361 0.599104 -0.035573 0.042867 0.142606 -0.176916 0.733754 0.181597 -0.535488 0.431276 -1.100236 0.105317 -0.201538 -0.581608 0.083673 0.253881 0.140262 0.295423 -0.150112 0.105520 -0.281493 0.131737 -1.151498 -0.314175 -0.120707 0.065668
UUGU 0.600369 -0.028746 0.037244 0.513528 -0.130349 -0.007647 -0.095164 0.296478 -0.493277 -0.885542 0.844839 0.190318 -0.360315 -0.374755 -0.375035 -0.104437 0.139152 -0.425669 -0.630845 -0.007946 0.142871 0.174782 -0.106750 -0.190859 0.147422 0.617393 -0.538270 -0.430239 -0.339432 -0.443080
ACAA 0.447903 0.246817 -0.052690 -0.164566 -0.169686 0.397329 -0.153528 0.050849 -0.090470 -0.722851 0.706366 0.392990 0.077502 -0.068825 -1.145816 0.332307 -0.061693 -0.817917 -0.453307 -0.300438 0.223867 0.185281 0.103734 -0.048248 -0.117688 0.126563 -0.162273 0.128485 -0.474797 0.018400
CUGU 0.514116 -0.191146 0.225797 0.355434 -0.172578 0.224279 -0.098598 -0.205747 -0.319037 -0.768127 0.476885 0.053116 -0.587218 -0.153430 -0.506173 0.033510 0.090852 -0.740785 -0.223188 0.263497 0.323940 0.330393 -0.608226 -0.079290 0.134413 0.746074 -0.652719 -0.274678 -0.419019 0.032486
ACUU 0.618400 0.077755 -0.176977 0.117064 -0.007519 0.069903 -0.014790 0.132024 -0.392730 -0.664004 0.751527 0.129051 -0.132753 -0.225765 -0.719330 0.200515 -0.100377 -0.739603 -0.411024 0.199495 0.146076 0.256856 -0.126502 -0.297675 -0.056772 0.483975 -0.317942 -0.320323 -0.648310 -0.075192
AAGU 0.551660 0.019112 -0.216368 0.216341 -0.093388 0.360734 -0.194768 -0.055584 -0.085110 -0.762664 0.472103 0.500464 0.006534 -0.148181 -0.811265 0.306510 0.102054 -0.686733 -0.533578 0.014422 0.269854 0.239743 -0.107618 -0.024553 -0.044240 0.370555 -0.239162 -0.158020 -0.422298 -0.249497
GAGA 0.574500 -0.252803 -0.252731 0.176941 -0.143433 0.812484 -0.597711 -0.488168 0.175212 -0.958226 0.369546 0.589443 0.063638 0.008759 -1.041959 0.280781 -0.003771 -0.540602 -0.225263 0.436450 0.135730 0.183450 -0.464281 0.074501 0.073868 0.126299 -0.487573 0.350770 -0.204422 -0.160899
UCAG 0.548524 -0.080185 -0.088680 0.173873 -0.159846 0.390385 -0.138682 -0.259241 -0.198207 -0.704736 0.592116 0.057451 -0.393830 -0.099797 -0.944366 0.238769 0.060780 -0.767538 -0.292892 0.175593 0.187469 0.275100 -0.701765 -0.145111 -0.078050 0.375988 -0.416670 -0.104737 -0.456616 -0.009092
CUGA 0.504308 -0.105477 0.073658 0.236140 -0.111759 0.466545 -0.218517 -0.317102 -0.124815 -0.830936 0.570263 0.245493 -0.249609 -0.089706 -0.978596 0.159883 0.117346 -0.707446 -0.286547 0.264279 0.275380 0.381836 -0.670194 -0.107479 0.020043 0.362499 -0.475280 -0.179856 -0.515941 0.015104
UCUC 0.652606 -0.123395 -0.018635 -0.031490 -0.058243 0.110396 0.219235 0.157499 -0.463577 -0.322738 0.756890 -0.440034 -0.600580 -0.355611 -0.775648 0.199354 0.141318 -0.939047 -0.058358 0.238363 0.116900 0.018054 -0.921771 -0.376168 0.051961 0.512368 -0.331287 -0.764238 -0.763863 0.065925
ACAG 0.567580 0.016514 0.160500 0.014847 -0.173241 0.537289 -0.207195 -0.371725 0.033694 -0.605814 0.753026 0.183279 -0.140136 -0.008851 -1.038844 0.256665 0.087939 -0.702727 -0.289090 -0.037018 0.274656 0.170314 -0.691196 -0.077284 -0.173247 0.179678 -0.311233 0.181015 -0.413557 0.053352
CCUG 0.449038 -0.244221 0.160778 0.150319 -0.261019 0.318882 -0.149552 -0.473911 -0.146118 -0.813837 0.579081 -0.176589 -0.744553 0.113025 -0.817401 0.132057 0.130082 -0.606901 0.124433 0.604496 0.280303 0.424530 -1.324614 -0.333922 -0.196442 0.442320 -0.571989 -0.145883 -0.504622 0.214935
CUUC 0.622937 -0.115640 -0.129424 0.098753 -0.142052 0.022087 0.134122 0.049511 -0.554799 -0.561255 0.589607 -0.153232 -0.697782 -0.247801 -0.793048 0.179060 0.021820 -0.953077 -0.261601 0.015888 0.253473 0.041264 -0.907202 -0.417858 -0.017320 0.413075 -0.333847 -0.613198 -0.734268 0.373549
GAAG 0.548909 -0.151163 -0.043523 0.359635 -0.255686 0.649318 -0.479920 -0.474125 0.164977 -0.934778 0.731996 0.487001 0.096313 -0.055155 -0.919721 0.321292 0.030848 -0.530921 -0.341991 0.498163 0.303794 0.247434 -0.558619 -0.077527 -0.069896 0.116135 -0.354332 0.343206 -0.382438 -0.095682
CAGG 0.552082 -0.324556 0.112999 0.151560 -0.310801 0.725823 -0.229510 -0.693913 0.182432 -0.754876 0.588001 0.152008 -0.461827 0.173664 -0.980200 0.266851 0.376736 -0.569043 0.010367 0.312631 0.321517 0.259945 -1.277796 -0.060305 -0.216602 0.213058 -0.545279 0.039441 -0.240069 0.233640
UGCU 0.357895 -0.134364 0.062337 0.387546 -0.332686 0.186510 0.020157 -0.079021 -0.149347 -0.811781 0.604820 0.042711 -0.461411 -0.179121 -0.724949 0.015362 0.151428 -0.724967 -0.177544 0.353309 0.355344 0.319216 -0.703705 -0.261268 -0.118998 0.583032 -0.408810 -0.405295 -0.429149 -0.172279
AGCA 0.500944 -0.088590 0.054210 0.003859 -0.326037 0.544237 -0.145661 -0.175486 0.085225 -0.675366 0.583625 0.300464 -0.167283 0.020770 -1.127067 0.239826 0.115881 -0.753572 -0.078097 0.177406 0.233632 0.220398 -0.603927 -0.118938 0.061864 0.221830 -0.373711 0.136414 -0.352761 -0.041282
UUGA 0.664415 -0.061916 -0.174592 0.193895 -0.031634 0.335546 -0.170158 0.062790 -0.293651 -0.885921 0.544053 0.444163 -0.062540 -0.316376 -0.790411 0.151777 0.075399 -0.707421 -0.508674 -0.042106 0.195814 0.268182 -0.044193 -0.013062 0.169227 0.445770 -0.312292 -0.301322 -0.509504 -0.249104
CUGG 0.406238 -0.182004 0.362089 0.355170 -0.211071 0.522967 -0.207349 -0.623843 -0.079379 -0.760858 0.479848 0.133829 -0.573459 -0.025380 -0.836242 0.149086 0.181554 -0.597908 -0.113702 0.486897 0.247180 0.367765 -1.375540 -0.274175 0.013580 0.391424 -0.560929 0.119296 -0.472641 0.248661
UCAA 0.468669 0.142372 -0.117177 0.205273 -0.052952 0.271319 -0.170049 0.062456 -0.294320 -0.684613 0.647770 0.234846 -0.014480 -0.086658 -0.948071 0.306366 0.018607 -0.865537 -0.523550 -0.104863 0.231393 0.357177 0.014314 -0.167716 0.002561 0.326071 -0.281817 -0.253848 -0.665651 -0.088663
CCAG 0.349018 -0.233840 0.118379 0.147426 -0.357495 0.488495 -0.091821 -0.506290 0.015544 -0.763801 0.613672 -0.094964 -0.580203 0.067838 -0.931220 0.254048 0.173249 -0.730332 -0.016816 0.407583 0.466808 0.369523 -1.270151 -0.138454 -0.211168 0.297898 -0.459975 -0.002477 -0.272788 0.343780
CCUU 0.429878 -0.148443 -0.137877 0.153452 -0.067631 0.029501 0.024692 -0.066834 -0.414969 -0.791074 0.663260 -0.161269 -0.489316 -0.216033 -0.616593 0.099138 -0.041667 -0.727488 -0.085742 0.553412 0.278435 0.378786 -0.679334 -0.413394 -0.214954 0.685507 -0.433243 -0.649422 -0.608889 0.267959
AAGG 0.620760 -0.185523 -0.166390 0.118420 -0.163559 0.674865 -0.419298 -0.413585 0.114821 -0.710838 0.530016 0.580244 0.032148 -0.051077 -1.004376 0.502714 0.125918 -0.655172 -0.402829 0.133052 0.308577 0.018203 -0.789112 -0.100076 -0.045199 0.059771 -0.225174 0.262963 -0.326731 -0.044130
UGGA 0.500170 -0.221054 0.048749 0.235582 -0.199093 0.830699 -0.341052 -0.240378 -0.088390 -0.891826 0.482773 0.455286 -0.149815 -0.135524 -0.944397 0.081452 0.217111 -0.615531 -0.240611 0.107066 0.156422 0.289443 -0.756305 -0.006820 0.147080 0.085696 -0.308233 -0.080976 -0.395384 -0.266634
UCCA 0.501848 -0.178745 -0.156905 0.200706 -0.147664 0.376513 -0.046751 -0.132384 -0.298551 -0.696721 0.662490 -0.204859 -0.355295 -0.099127 -0.879834 0.077404 0.081880 -0.807069 -0.005983 0.400569 0.105129 0.392116 -0.480000 -0.144050 0.015498 0.426363 -0.473413 -0.424294 -0.463912 0.200200
GAAU 0.403463 0.038904 -0.024216 0.351595 -0.142093 0.567357 -0.243916 0.048215 -0.092930 -0.978192 0.536590 0.556777 0.058796 -0.315348 -0.723259 0.153660 -0.053461 -0.638074 -0.576856 0.414736 0.307390 0.597965 0.128120 0.231989 0.167475 0.207668 -0.311088 -0.147502 -0.621666 -0.303924
AUCU 0.420447 0.040161 -0.042969 0.201002 -0.083808 0.211366 -0.034075 0.150114 -0.398076 -0.743785 0.517549 0.169809 -0.336626 -0.150345 -0.675215 0.253979 0.055657 -0.854097 -0.396331 0.037220 0.359794 0.376883 -0.187993 -0.101801 0.120115 0.603310 -0.425971 -0.413682 -0.559804 0.021994
AGAU 0.437718 0.098876 0.084928 0.252747 0.034430 0.392045 -0.341476 -0.156473 -0.196908 -0.753684 0.636361 0.335006 0.041828 -0.209015 -0.862090 0.241389 0.112619 -0.607584 -0.557034 0.103346 0.218058 0.336258 -0.253514 -0.071110 0.167127 0.304178 -0.257842 0.009991 -0.600085 -0.203959
UGAG 0.439454 -0.099744 0.142714 0.120004 -0.250503 0.569952 -0.283211 -0.400574 0.015167 -0.724705 0.547316 0.322143 -0.331625 -0.169027 -1.005100 0.222540 0.201902 -0.556229 -0.317662 0.155410 0.158737 0.185014 -0.804352 -0.094854 -0.060336 0.238131 -0.385824 0.065169 -0.484951 -0.139118
AUUC 0.565579 0.074897 -0.142674 0.099271 -0.039533 0.200234 0.045122 0.252439 -0.462754 -0.478132 0.627196 0.176945 -0.339963 -0.347877 -0.995427 0.192827 0.149130 -0.823431 -0.646785 -0.342648 0.279060 0.093772 -0.285169 -0.075492 0.074966 0.037457 -0.147481 -0.757054 -0.904819 -0.015754
CUCA 0.406653 -0.196719 0.016896 0.068794 -0.277033 0.371920 -0.071844 -0.146823 -0.221882 -0.656370 0.542311 0.046745 -0.512371 -0.065824 -0.744443 0.181113 -0.032758 -0.844562 -0.108318 0.392933 0.177830 0.347601 -0.580875 -0.176794 -0.004780 0.443752 -0.686245 -0.344174 -0.449680 0.288132
AGUU 0.579014 0.078594 -0.068041 0.203263 0.036193 0.252585 -0.175659 0.081063 -0.372853 -0.747988 0.647281 0.284378 -0.129238 -0.274800 -0.663635 0.142921 -0.012902 -0.662859 -0.539793 0.049935 0.114997 0.230344 -0.253341 -0.215726 0.007217 0.412766 -0.308223 -0.289583 -0.623824 -0.356361
AACU 0.555439 0.054704 -0.314184 0.127608 -0.094937 0.229928 -0.080510 0.039924 -0.199949 -0.792934 0.640738 0.271324 -0.051773 -0.083484 -0.795127 0.388320 0.024626 -0.727639 -0.366732 0.138071 0.220811 0.352326 0.052778 -0.128258 -0.048970 0.458246 -0.319982 -0.142949 -0.492195 -0.001132
UGGG 0.530715 -0.300830 0.297133 0.385860 -0.143806 0.724951 -0.323959 -0.726434 0.025270 -0.748243 0.552189 0.285344 -0.359664 -0.049237 -0.887661 0.144872 0.387783 -0.254624 -0.076688 0.345800 0.118978 0.143202 -1.404704 -0.196325 -0.064908 0.349568 -0.438818 0.068800 -0.268054 -0.059808
CCCA 0.322510 -0.157159 0.287812 0.104623 -0.274549 0.431325 -0.067262 -0.252296 -0.175502 -0.629235 0.736974 -0.225866 -0.557010 0.261421 -0.870439 0.152121 -0.096283 -0.736262 0.233445 0.625813 0.413849 0.344319 -1.096706 -0.301146 -0.166517 0.387617 -0.686842 -0.165492 -0.316820 0.611210
UGCA 0.473679 -0.247400 -0.039347 0.037909 -0.462585 0.384437 -0.149572 -0.243041 -0.045978 -0.641735 0.511361 0.098724 -0.436698 -0.016317 -1.091974 -0.016331 -0.073072 -0.624250 -0.053848 0.157744 -0.156457 0.336159 -0.384163 -0.249550 -0.268473 0.303047 -0.569182 -0.196649 -0.435622 -0.308741
UGAU 0.567546 0.076103 -0.268635 0.511221 -0.069695 0.287443 0.045553 0.003094 -0.241636 -0.769347 0.589407 0.214068 -0.156788 -0.328241 -0.848130 0.050062 0.238212 -0.542425 -0.523182 0.071445 0.153292 0.452932 -0.090244 0.038743 0.045476 0.371841 -0.161673 -0.284539 -0.579570 -0.387006
AUCA 0.484060 0.011005 -0.138521 0.183730 -0.186352 0.420978 -0.084283 0.194870 -0.291635 -0.650684 0.644537 0.253286 -0.119059 -0.035829 -0.894497 0.288632 0.026330 -0.801434 -0.408788 -0.058191 0.222541 0.347723 -0.026609 -0.000049 0.184542 0.127651 -0.342307 -0.301292 -0.508911 -0.078904
GGAG 0.484669 -0.371572 0.115942 0.395650 -0.410237 0.798834 -0.548003 -0.803628 0.204547 -1.142716 0.510640 0.421032 -0.192263 -0.102641 -0.967348 0.097808 0.057622 -0.431780 -0.094605 0.547943 0.228003 0.200719 -1.135967 -0.109421 -0.051908 0.181048 -0.376608 0.618899 -0.159812 0.056424
CUCC 0.454084 -0.462701 -0.023690 -0.014207 -0.414916 0.343037 0.258627 -0.079353 -0.450129 -0.729416 0.602100 -0.308427 -0.823321 -0.105918 -0.847228 0.107427 0.137212 -0.920674 0.216558 -0.032065 0.380893 0.044802 -1.396477 -0.401574 -0.131885 0.342100 -0.345179 -0.765403 -0.255950 0.699486
UGUA 0.617917 0.041507 0.044020 0.050992 -0.246855 0.095786 -0.027621 0.208075 -0.110990 -0.444535 0.505943 0.453739 -0.105630 -0.087603 -0.869887 0.116275 -0.051407 -0.535852 -0.273032 0.092875 -0.076264 0.188074 0.183168 -0.207598 -0.059272 0.369573 -0.305983 -0.423656 -0.808336 -0.614046
UACA 0.708772 -0.049415 -0.217075 0.160567 -0.356967 0.197652 -0.017686 0.192455 0.000847 -0.347452 0.571723 0.416529 -0.126283 0.128268 -0.990986 0.173318 -0.154450 -0.628051 -0.365932 -0.002606 -0.001602 0.181298 0.372102 -0.063839 -0.246956 0.309721 -0.589120 -0.360318 -0.473129 -0.456412
CUGC 0.350386 -0.321740 0.281526 0.090153 -0.380513 0.343003 0.002125 -0.342816 -0.237096 -0.498808 0.489832 -0.288959 -0.800394 -0.132109 -1.003979 0.055147 0.117549 -0.868404 0.009399 0.058092 0.191584 0.101178 -1.398594 -0.414544 -0.081958 0.382771 -0.515472 -0.428793 -0.554641 0.261877
GCAG 0.480336 -0.413368 0.072915 0.307116 -0.565836 0.667849 -0.239968 -0.640222 0.185280 -0.955429 0.477397 0.238735 -0.401560 0.100653 -0.957593 0.206353 -0.006823 -0.610731 0.019659 0.427604 0.285125 0.379457 -1.036318 -0.104819 -0.165093 0.256663 -0.479735 0.375221 -0.166877 0.082886
CAGU 0.416326 -0.083607 0.017052 0.406224 -0.198589 0.420047 -0.099384 -0.113281 -0.180507 -0.726941 0.466601 0.265583 -0.360348 -0.019821 -0.744411 0.205947 0.080111 -0.621339 -0.281723 0.322466 0.247241 0.340633 -0.534363 -0.095254 0.010875 0.527541 -0.572407 -0.253437 -0.320443 -0.056060
ACUG 0.540229 -0.009499 0.072875 0.070022 -0.171143 0.369931 -0.118548 -0.101236 -0.154000 -0.688633 0.717621 0.263070 -0.243021 0.022544 -0.892478 0.340964 0.161133 -0.600102 -0.224225 0.107848 0.249120 0.222376 -0.730242 -0.292756 -0.050204 0.276754 -0.288175 -0.110766 -0.562558 -0.123489
AGCU 0.388569 -0.109633 0.112117 0.216913 -0.213917 0.408511 -0.113787 -0.277891 -0.123421 -0.868743 0.511468 0.122647 -0.380659 -0.138278 -0.910543 0.161801 0.104943 -0.710444 -0.190986 0.300272 0.330648 0.350559 -0.808035 -0.138438 -0.002872 0.438508 -0.391464 -0.083822 -0.431511 0.052743
CAUG 0.473992 -0.105335 0.103288 0.135346 -0.390405 0.256645 -0.195027 -0.116440 -0.157131 -0.579810 0.668032 0.258358 -0.554197 0.164482 -0.857569 0.165460 -0.054822 -0.431000 -0.315490 0.128993 0.162991 0.378337 -0.481441 -0.199376 -0.280435 0.185575 -0.609472 -0.201943 -0.541643 -0.302014
CCUC 0.367381 -0.208912 0.112689 0.070558 -0.303406 0.178008 0.197599 -0.138952 -0.470165 -0.557690 0.701946 -0.474917 -0.890759 0.008391 -0.869778 0.247430 0.074156 -0.785661 0.151337 0.283060 0.296753 0.184622 -1.401938 -0.528630 -0.143622 0.327695 -0.396203 -0.589761 -0.623706 0.657168
GAGG 0.636254 -0.431609 0.010968 0.543612 -0.363928 0.778915 -0.584444 -0.822335 0.230575 -0.845039 0.515473 0.445696 -0.201141 0.095575 -0.934276 0.242085 0.191114 -0.366319 -0.180358 0.497422 0.214338 0.094197 -1.200414 -0.157910 -0.059373 0.121999 -0.503432 0.512238 -0.172997 0.038459
CCCU 0.310873 -0.328495 0.027149 0.232346 -0.280170 0.174131 0.001012 -0.392708 -0.295027 -0.869916 0.742175 -0.376842 -0.678623 0.059135 -0.595018 0.095893 0.043065 -0.728318 0.222604 0.706230 0.418985 0.419506 -1.095959 -0.352101 -0.272721 0.633175 -0.568123 -0.431408 -0.295580 0.704442
AGGG 0.553044 -0.318857 0.149316 0.236553 -0.199636 0.881425 -0.386639 -0.754713 0.084084 -0.752601 0.561752 0.392251 -0.227592 0.064448 -0.969413 0.412909 0.279804 -0.439117 -0.155096 0.174695 0.161251 0.097600 -1.476835 -0.217864 -0.027739 0.116816 -0.345997 0.352743 -0.178174 0.095810
GCUG 0.493432 -0.375262 0.140732 0.534482 -0.474018 0.455883 -0.293495 -0.562059 -0.037944 -0.898878 0.618531 0.028662 -0.540194 0.108091 -0.811776 0.046034 0.150311 -0.500494 0.031476 0.589850 0.202357 0.439974 -1.136217 -0.327691 -0.028980 0.323597 -0.571741 0.195214 -0.356517 -0.036573
CAGC 0.572106 -0.244418 0.237954 -0.045106 -0.349995 0.648559 0.137683 -0.254197 -0.073396 -0.527606 0.629012 -0.106776 -0.548240 0.083817 -1.130980 0.097383 0.155623 -0.871047 0.234630 0.105183 0.249509 0.138080 -1.344718 -0.244703 -0.016929 0.205609 -0.438621 -0.225300 -0.382895 0.337332
UAGA 0.513372 0.054749 -0.149213 0.188844 -0.026022 0.351909 -0.309828 -0.008796 -0.071822 -0.667165 0.415561 0.576903 0.005903 -0.152332 -0.905742 0.331993 0.071785 -0.588965 -0.629669 0.033995 0.252230 0.178465 -0.089641 0.012979 0.068438 0.222716 -0.268838 -0.155041 -0.617894 -0.375442
UCUA 0.593809 0.016750 -0.324463 0.005916 0.222083 0.251685 -0.081687 0.131500 -0.311960 -0.655765 0.453141 0.181694 -0.100493 -0.142388 -0.683010 0.143263 -0.068238 -0.690043 -0.294069 0.255544 0.217902 0.323247 0.011570 0.138590 0.071246 0.309980 -0.335320 -0.659722 -0.646584 -0.116548
CACU 0.505680 -0.169618 -0.066355 0.264268 -0.247910 0.293831 0.035739 -0.147463 -0.232368 -0.637826 0.620465 -0.107488 -0.466295 0.075153 -0.703519 0.173979 -0.036308 -0.721574 -0.122635 0.333776 0.242312 0.473423 -0.397967 -0.069151 -0.162357 0.556552 -0.630798 -0.285115 -0.266436 0.174429
AGUG 0.567839 -0.077246 0.156957 0.074597 -0.178959 0.384219 -0.279583 -0.363857 -0.044708 -0.805981 0.658613 0.286009 -0.245353 -0.109990 -0.846520 0.193295 0.162062 -0.472700 -0.286614 0.064071 0.177337 0.216034 -0.754873 -0.223364 -0.057246 0.194995 -0.258640 0.137377 -0.604194 -0.199756
UUGG 0.645479 -0.120670 -0.119168 0.409888 -0.041221 0.312097 -0.187118 -0.242333 -0.308800 -0.924197 0.445007 0.371647 -0.342873 -0.187540 -0.788314 0.177350 0.143699 -0.406678 -0.394664 0.117615 0.118179 0.221153 -0.696754 -0.287600 -0.026489 0.633619 -0.322135 -0.067456 -0.398131 -0.215456
CCAA 0.294934 0.029362 0.047559 -0.027966 -0.186214 0.398927 -0.167814 -0.069899 -0.198051 -0.844952 0.544044 0.272774 -0.239577 0.042341 -1.081623 0.312730 -0.026187 -0.796747 -0.201321 0.055726 0.416820 0.293027 -0.413786 -0.158863 -0.005917 0.290185 -0.385313 -0.158889 -0.480149 0.396676
AUUG 0.602793 0.132307 0.018556 0.058945 -0.052402 0.206206 -0.015464 0.309178 -0.237505 -0.689016 0.589852 0.492043 -0.057163 -0.299027 -0.821494 0.273117 0.028883 -0.658699 -0.446179 0.095697 0.211062 0.204721 -0.192788 -0.243654 0.191546 0.450807 -0.212339 -0.221524 -0.719796 -0.433574
CAAU 0.490659 0.115361 -0.170621 0.110806 -0.110651 0.217194 -0.026475 0.051097 -0.134355 -0.746463 0.672617 0.352737 -0.008217 -0.216250 -0.891340 0.296912 0.034163 -0.725228 -0.464748 0.201271 0.210912 0.385909 0.219939 0.011650 -0.058389 0.365814 -0.281867 -0.327918 -0.627037 0.006808
CUUG 0.559039 -0.120555 -0.025334 0.116534 -0.080150 0.232048 -0.145331 -0.110139 -0.256348 -0.903832 0.505135 0.195555 -0.450651 -0.268495 -0.699786 0.068990 0.016537 -0.704688 -0.208688 0.402403 0.374292 0.229092 -0.727810 -0.147339 0.032489 0.547221 -0.381854 -0.290553 -0.593870 -0.073542
CAAG 0.467208 -0.025149 -0.056447 0.204092 -0.157589 0.452162 -0.329514 -0.260891 -0.035591 -0.686685 0.668198 0.105642 -0.202038 0.027783 -1.042825 0.285400 0.047083 -0.746124 -0.393062 0.181096 0.381835 0.244391 -0.615884 -0.056361 -0.096221 0.122443 -0.419003 -0.015219 -0.460282 -0.043229
GGGA 0.545487 -0.380738 0.048179 0.408634 -0.216427 0.839356 -0.555291 -0.844761 0.117385 -1.087496 0.433384 0.468396 -0.002960 -0.020759 -0.992108 0.062037 0.098836 -0.407304 -0.020099 0.507490 0.033176 0.278317 -1.035473 -0.217366 -0.020591 0.330671 -0.402712 0.487652 -0.112340 -0.020178
UCCC 0.333619 -0.354952 -0.082476 -0.037601 -0.366490 0.356657 0.154709 -0.077186 -0.443998 -0.571452 0.643888 -0.439891 -0.781864 -0.033748 -0.984083 0.206412 0.109818 -0.836600 0.180504 0.042429 0.228274 0.050352 -1.198380 -0.402786 -0.211544 0.256286 -0.368610 -0.766875 -0.351085 0.631467
UAUG 0.566988 0.017180 -0.130322 0.121216 -0.267993 0.022674 -0.114307 0.073123 -0.071118 -0.495612 0.573991 0.513776 -0.157192 -0.080762 -0.912617 0.249420 0.054431 -0.454162 -0.485549 -0.005157 -0.002350 0.257065 0.163988 -0.231330 -0.319245 0.379722 -0.307146 -0.486295 -0.777441 -0.726136
CAUA 0.614822 -0.002605 -0.129222 0.059414 -0.267185 0.172471 -0.083128 0.267171 -0.197390 -0.372662 0.614627 0.380542 -0.131905 0.155252 -0.961003 0.296114 -0.220606 -0.632718 -0.415376 -0.073929 0.088030 0.294141 0.352267 -0.101428 -0.168884 0.341211 -0.566396 -0.415248 -0.516949 -0.456823
CCAU 0.480081 -0.162097 -0.006261 0.331805 -0.196501 0.172625 0.029729 -0.096597 -0.348073 -0.743089 0.764824 -0.048507 -0.467495 -0.106306 -0.573338 0.066730 0.074402 -0.650881 -0.275369 0.276011 0.379019 0.507074 -0.455131 -0.084678 -0.040415 0.367117 -0.499157 -0.524536 -0.496236 0.304454
UAAG 0.498644 0.107048 -0.159764 0.126891 -0.174631 0.258295 -0.085206 0.196825 -0.059403 -0.625203 0.631319 0.515943 0.031757 -0.135261 -0.854618 0.491873 0.064244 -0.621744 -0.487585 0.128161 0.304744 0.177321 -0.092276 -0.143490 0.017048 0.309351 -0.151898 -0.099054 -0.533796 -0.441721
CUUA 0.536461 -0.010288 -0.151313 0.023144 -0.008262 0.158755 -0.128916 0.148102 -0.308740 -0.631100 0.516641 0.326956 -0.093745 -0.288903 -0.760643 0.207290 -0.244999 -0.764230 -0.512643 0.116691 0.207856 0.119465 -0.003158 -0.110912 0.013364 0.436594 -0.400327 -0.428435 -0.562539 -0.105893
AUGG 0.565329 -0.117590 0.054954 0.295530 -0.142282 0.701199 -0.239501 -0.328895 -0.152441 -0.738919 0.532135 0.437089 -0.132411 -0.002627 -0.852254 0.302156 0.111256 -0.536111 -0.430873 -0.012722 0.210319 0.374809 -0.695795 -0.058344 0.027945 0.040407 -0.245458 0.053818 -0.479247 -0.152912
UUAG 0.619097 0.036478 -0.112107 0.167952 -0.104778 0.136431 -0.205477 0.035382 -0.319594 -0.817873 0.595144 0.459990 -0.135353 -0.150270 -0.653579 0.418573 -0.030739 -0.554200 -0.601083 -0.061147 0.260392 0.229259 -0.055980 -0.150732 -0.019029 0.390714 -0.224867 -0.136496 -0.650035 -0.278512
CUAA 0.552496 0.136258 -0.017900 0.013596 0.010466 0.158463 -0.195746 0.122083 -0.225261 -0.681525 0.604663 0.349102 -0.024062 -0.151841 -0.921919 0.274717 -0.091786 -0.763939 -0.503138 -0.029665 0.227002 0.170053 0.028211 -0.138827 0.150191 0.420860 -0.406867 -0.190358 -0.705652 -0.161559
GAUU 0.585467 -0.016928 -0.339498 0.451207 -0.071771 0.180833 -0.084653 0.000900 -0.282354 -0.860936 0.533189 0.389671 -0.113166 -0.357717 -0.709262 0.132095 -0.000395 -0.597117 -0.606604 0.398701 0.083922 0.504407 0.032134 -0.098999 -0.018210 0.450597 -0.293093 -0.315416 -0.667735 -0.325361
AAUC 0.742431 0.105858 -0.235547 -0.053976 0.014668 0.327210 -0.020400 0.211424 -0.395464 -0.627847 0.724431 0.295282 -0.041556 -0.074348 -0.980905 0.397144 0.051714 -0.768057 -0.488699 -0.351601 0.214344 0.175872 -0.228814 -0.213980 -0.018163 -0.013822 -0.049751 -0.449449 -0.811451 -0.051842
GCUU 0.475706 -0.292987 -0.134287 0.380809 -0.332680 0.114391 -0.182398 -0.009931 -0.324668 -0.910098 0.559005 0.095937 -0.434993 -0.150686 -0.572984 0.085634 -0.157773 -0.728507 -0.217228 0.543904 0.269424 0.351302 -0.484405 -0.310197 0.029286 0.497750 -0.476198 -0.282400 -0.481565 -0.215857
AAGC 0.607771 -0.011839 -0.124541 -0.079219 -0.145988 0.527726 -0.098123 -0.189122 -0.069096 -0.513244 0.518548 0.278968 -0.116155 -0.069651 -1.250254 0.283461 0.070672 -0.895315 -0.298402 -0.182728 0.114603 0.018758 -0.657615 -0.252451 -0.158401 0.112923 -0.225299 -0.124347 -0.509256 0.100019
UACU 0.410027 0.085568 -0.217798 0.331227 -0.147673 0.038386 0.018106 0.218792 -0.346438 -0.679965 0.527845 0.197021 -0.241652 -0.141804 -0.707355 0.217615 -0.086692 -0.726844 -0.494475 0.045605 0.231362 0.321053 0.175634 -0.143933 -0.089985 0.626609 -0.392018 -0.467565 -0.536027 -0.299486
AGUA 0.617356 0.154490 -0.076735 0.117698 0.000066 0.308854 -0.215545 0.045207 -0.165146 -0.625893 0.557654 0.445558 0.149428 -0.089312 -0.923255 0.314146 -0.100638 -0.719196 -0.502926 -0.107642 0.249910 0.160431 0.050663 -0.086568 0.019055 0.309396 -0.146210 -0.019792 -0.644768 -0.373839
UGGU 0.503150 -0.111401 -0.045662 0.522568 -0.096660 0.421060 -0.129242 -0.259962 -0.275156 -0.766357 0.433786 0.212898 -0.365392 -0.123992 -0.675640 0.002704 0.167355 -0.470671 -0.267388 0.155379 0.021064 0.335076 -0.680552 -0.216103 -0.064022 0.657987 -0.426827 -0.150355 -0.250424 -0.361040
GUGA 0.558247 -0.138776 0.113468 0.422835 -0.252627 0.531296 -0.263893 -0.466017 -0.023047 -0.801142 0.462996 0.367710 -0.092030 -0.053767 -0.895042 0.072827 -0.013273 -0.594249 -0.280664 0.309381 0.001635 0.494331 -0.332437 -0.160576 0.042173 0.492302 -0.559142 0.268029 -0.427384 -0.083122
ACCA 0.380674 0.008384 -0.097115 0.043472 -0.243387 0.372711 -0.105062 -0.094479 -0.158135 -0.591304 0.556589 0.068944 -0.278147 0.199794 -1.091519 0.294572 -0.067416 -0.794459 -0.136207 0.140220 0.198155 0.317002 -0.441787 -0.229457 -0.139960 0.174454 -0.425689 -0.074939 -0.398089 0.292207
UCAC 0.523558 0.006707 0.245919 -0.024274 -0.273472 0.246208 0.177893 0.072194 -0.344740 -0.489913 0.777674 -0.092214 -0.434475 -0.116333 -0.891656 0.128871 0.169994 -0.843696 -0.147876 -0.219113 0.154185 0.202203 -0.703775 -0.377575 -0.041775 0.252118 -0.240906 -0.388446 -0.671609 0.128616
GACA 0.639956 -0.168810 -0.097344 0.365185 -0.358530 0.577822 -0.250555 -0.295098 0.075501 -0.652348 0.535601 0.353971 -0.172114 0.167402 -0.949069 0.222602 -0.036124 -0.631434 -0.183852 0.371153 0.038998 0.395750 -0.219841 -0.010834 0.016684 0.305131 -0.684849 0.269268 -0.252641 -0.033934
UGUC 0.638852 -0.018519 0.236784 0.111727 -0.100835 0.152112 0.122441 0.015665 -0.354523 -0.396438 0.775804 -0.061735 -0.398871 -0.137950 -0.911676 0.124882 0.257519 -0.718532 -0.157145 0.002799 -0.011541 0.144527 -0.857608 -0.534378 0.061053 0.291331 -0.285752 -0.592102 -0.901859 0.006375
UGCC 0.505551 -0.291935 0.104818 -0.020903 -0.381884 0.369470 0.247709 -0.245253 -0.228923 -0.502486 0.658920 -0.205958 -0.617257 -0.079461 -1.052049 0.103469 0.363908 -0.804524 0.084243 -0.141163 0.071141 0.231101 -1.194799 -0.451131 -0.243476 0.255539 -0.264295 -0.613852 -0.505962 0.281689
GGCA 0.509380 -0.345066 0.158964 0.402477 -0.403351 0.675393 -0.306166 -0.563384 0.157403 -0.855044 0.577391 0.320154 -0.140089 0.116511 -0.910916 0.060984 0.026250 -0.585179 0.086793 0.614126 0.129858 0.440017 -0.806219 -0.145238 0.001682 0.351405 -0.567785 0.278775 -0.180941 -0.090024
GUGU 0.359127 -0.181275 0.688231 0.771233 -0.659367 0.150779 -0.069098 -0.502948 0.125405 -1.025544 0.597023 0.380864 -0.493456 -0.440937 -0.242327 -0.551412 0.371906 -0.375704 -0.381741 0.012764 0.342484 0.330571 0.026488 0.200292 -0.230904 1.057311 -0.676508 -0.010723 -0.139979 0.116462
ACCU 0.367010 -0.021612 0.048126 0.151421 -0.224919 0.191506 0.049134 -0.093403 -0.244228 -0.793737 0.631452 -0.049534 -0.403109 -0.025149 -0.840311 0.192236 0.116352 -0.730542 -0.027237 0.296824 0.300053 0.341017 -0.570703 -0.292250 -0.088544 0.551363 -0.359688 -0.201845 -0.396825 0.361198
ACAC 0.534037 0.287616 0.691661 -0.402527 -0.328710 0.194550 0.055174 -0.260476 -0.043906 -0.499853 1.071735 -0.272414 -0.263396 -0.156543 -1.161828 -0.200990 0.179169 -0.816225 -0.278816 -0.819114 0.255489 0.124707 -0.380729 -0.096087 -0.340121 0.039837 -0.146972 0.213316 -0.578014 0.376938
AGGU 0.608231 -0.156441 0.128788 0.294157 -0.081912 0.630791 -0.238245 -0.446838 -0.050687 -0.819538 0.560601 0.436583 -0.130279 -0.199501 -0.786118 0.049091 0.210938 -0.479325 -0.307464 0.141089 0.175266 0.197221 -0.813561 -0.066416 -0.125156 0.394097 -0.322913 -0.028827 -0.282388 -0.089334
GUGG 0.632446 -0.374006 0.351556 0.609510 -0.379603 0.645613 -0.296436 -0.699050 0.077439 -0.859519 0.575495 0.387266 -0.372088 -0.027286 -0.644381 -0.043111 0.178855 -0.256100 -0.132946 0.407674 0.165827 0.337337 -1.106559 -0.151627 -0.069433 0.520200 -0.603538 0.356992 -0.148654 -0.184207
GUAA 0.644700 0.023201 -0.103035 0.222897 -0.225471 0.211858 -0.200777 -0.000109 -0.082933 -0.868311 0.621262 0.591727 0.167416 -0.127052 -0.853815 0.255728 -0.083416 -0.629848 -0.502296 -0.037273 0.132263 0.361325 0.420556 -0.111533 0.016129 0.411573 -0.314712 0.017158 -0.596144 -0.245283
GAUG 0.586862 -0.212067 -0.144669 0.452437 -0.248555 0.397799 -0.384724 -0.544733 0.039959 -0.949974 0.557654 0.294155 -0.185718 -0.125482 -0.883081 0.149395 0.266354 -0.407569 -0.372644 0.359026 0.122788 0.474557 -0.383970 -0.063467 -0.022237 0.221139 -0.335093 0.180393 -0.586733 -0.181384
CAUC 0.672146 -0.048505 0.102624 0.076881 -0.124009 0.319628 0.206142 0.063422 -0.411461 -0.457782 0.834341 -0.197293 -0.423272 -0.012312 -0.873852 0.170472 0.176758 -0.795074 -0.182145 -0.081725 0.145122 0.328016 -0.745438 -0.279824 -0.009909 0.109075 -0.318952 -0.645825 -0.703177 0.212590
CCAC 0.272619 -0.094543 0.399722 -0.106991 -0.382503 0.360075 0.127638 -0.147720 -0.309698 -0.540087 0.733345 -0.381027 -0.659905 0.173884 -1.048358 0.201226 0.079302 -0.789300 0.126604 -0.185492 0.326210 0.227977 -1.148064 -0.424491 -0.155844 0.230387 -0.406265 -0.263937 -0.417657 0.582565
UUAC 0.543609 0.044118 -0.026829 -0.012216 -0.214734 0.033870 0.061860 0.273301 -0.512157 -0.543559 0.691471 0.241608 -0.287868 -0.389998 -0.723405 0.205506 -0.075080 -0.845059 -0.717428 -0.539298 0.097222 0.138485 -0.044818 -0.278016 -0.003998 0.207317 -0.190707 -0.543948 -0.772760 -0.230041
UUGC 0.587014 -0.092599 0.057273 0.121620 -0.217332 0.062377 0.130431 0.083544 -0.376896 -0.612282 0.583364 0.110445 -0.424421 -0.310413 -0.862487 0.115329 0.165858 -0.812572 -0.313069 -0.174397 0.038530 0.103092 -0.549755 -0.459723 0.046179 0.491050 -0.307089 -0.576298 -0.748363 -0.093554
GCCU 0.348133 -0.386700 0.069806 0.323428 -0.460448 0.344448 -0.068160 -0.435278 -0.085503 -0.952082 0.543773 -0.087238 -0.591610 0.001910 -0.716561 -0.022849 -0.009570 -0.700381 0.235699 0.838693 0.221312 0.550884 -0.873624 -0.269903 -0.117230 0.614684 -0.655396 -0.152048 -0.277417 0.307970
GCAA 0.457134 -0.044259 -0.004838 0.108858 -0.328808 0.492040 -0.288515 -0.167727 0.032721 -0.924021 0.676087 0.426586 0.043776 -0.053594 -1.108805 0.236559 -0.016470 -0.707120 -0.235923 0.227264 0.196404 0.388994 -0.062051 -0.041881 0.051864 0.191560 -0.363611 0.157774 -0.456238 -0.053882
GCCA 0.519075 -0.308658 0.018372 0.297605 -0.354817 0.566376 -0.215874 -0.411478 -0.045803 -0.846438 0.580315 -0.039995 -0.325995 0.233859 -0.934139 0.021476 -0.082930 -0.742981 0.214806 0.611579 0.158697 0.533205 -0.757376 -0.142929 -0.028051 0.327723 -0.596020 0.104889 -0.208153 0.102761
UGGC 0.604896 -0.262236 0.072931 0.076642 -0.331079 0.560949 0.186486 -0.368904 -0.118521 -0.535491 0.495078 0.071547 -0.522363 -0.082053 -1.014075 0.121038 0.349402 -0.724101 0.050321 -0.065793 -0.162827 0.240974 -1.295300 -0.502114 -0.183858 0.345499 -0.281418 -0.274463 -0.444300 0.037329
AGGC 0.475617 -0.261858 0.105042 -0.012886 -0.281081 0.711122 -0.143475 -0.521044 -0.000325 -0.647160 0.442343 0.053285 -0.391536 -0.036367 -1.240143 0.130954 0.352366 -0.713268 -0.022543 -0.313056 0.099970 0.016293 -1.455235 -0.325145 -0.142302 0.085781 -0.194590 -0.005418 -0.272959 0.049047
CUAU 0.497838 0.176806 -0.039883 0.293291 -0.021115 -0.075656 0.079357 0.122502 -0.338998 -0.619660 0.559815 0.282758 -0.109418 -0.192152 -0.715243 0.289448 0.084762 -0.670234 -0.555535 0.015558 0.152249 0.465266 0.145534 -0.266394 0.035032 0.695573 -0.306161 -0.329998 -0.684018 -0.121009
AUAG 0.461159 0.132253 -0.053644 0.097475 -0.086417 0.282581 -0.279522 0.061832 -0.197234 -0.670933 0.474249 0.467489 -0.047109 -0.084606 -0.860279 0.378434 -0.093540 -0.651845 -0.663443 -0.308253 0.416735 0.155233 0.063121 0.021810 0.010496 0.283827 -0.258014 -0.029917 -0.579497 -0.316297
AGCC 0.583362 -0.195853 0.244362 -0.039448 -0.266497 0.574512 -0.006283 -0.382357 -0.177763 -0.553279 0.669467 -0.195913 -0.472439 0.015744 -1.153372 0.123356 0.264993 -0.874614 0.055899 -0.173395 0.204195 0.043008 -1.418108 -0.302485 -0.067423 0.048627 -0.227239 -0.118131 -0.384553 0.394783
GGCU 0.485278 -0.456672 0.148986 0.606708 -0.442590 0.450094 -0.234782 -0.557215 -0.045026 -0.944470 0.558385 0.033964 -0.489900 -0.011414 -0.595687 -0.013070 0.147420 -0.597831 0.046404 0.759399 0.238551 0.472079 -0.980393 -0.149953 0.070479 0.504923 -0.637349 0.105239 -0.165398 0.112318
CCCC 0.054720 -0.430648 0.202581 -0.111673 -0.641402 0.520572 0.061614 -0.140016 -0.373227 -0.704733 0.819907 -0.653072 -0.780725 0.237541 -1.004776 0.141005 -0.155898 -0.793324 0.539907 0.097963 0.452996 -0.079461 -1.461675 -0.449007 -0.331281 0.059213 -0.404837 -0.506724 -0.013554 1.002632
GGGG 0.627743 -0.588491 0.213798 0.540403 -0.445444 0.806221 -0.405227 -0.949107 0.137445 -1.154829 0.329938 0.295725 -0.335114 -0.087263 -0.742905 -0.100778 0.100013 -0.205643 0.128187 0.484103 0.019973 0.131426 -1.525515 -0.322156 -0.144162 0.416056 -0.351321 0.661531 0.090435 0.135623
GCAU 0.348651 -0.082963 0.305796 0.377172 -0.494452 0.175256 -0.017859 -0.025677 0.034098 -0.772855 0.657374 0.330394 -0.221118 -0.229540 -0.691759 0.009099 0.077564 -0.685151 -0.222444 0.430901 0.267765 0.435639 -0.107277 -0.101545 0.167740 0.639979 -0.529150 -0.007520 -0.422621 -0.156035
AUGC 0.519191 0.021621 0.230976 -0.184108 -0.261855 0.320980 0.051407 -0.112726 -0.035997 -0.502256 0.602611 0.288185 -0.263641 -0.362659 -1.057543 -0.093471 0.161561 -0.853909 -0.387749 -0.382794 0.202865 0.043744 -0.507639 -0.134963 -0.202264 0.162148 -0.203070 -0.348617 -0.681832 0.071585
GUCU 0.393859 -0.273585 0.009646 0.477679 -0.343222 0.221094 -0.034925 -0.127072 -0.254757 -0.848862 0.286646 0.138888 -0.617656 -0.161372 -0.535642 0.154420 0.032858 -0.757565 -0.236158 0.445344 0.289238 0.421405 -0.389148 -0.025961 0.140939 0.794730 -0.648929 -0.307981 -0.352624 0.087760
AGAC 0.715272 0.024296 0.200882 -0.024775 -0.051383 0.579714 -0.159880 -0.297131 -0.207399 -0.541269 0.782884 0.113718 -0.109479 -0.095533 -1.041563 0.242606 0.161117 -0.745113 -0.364727 -0.409873 0.132682 0.006357 -0.848190 -0.175542 -0.029054 -0.019722 -0.114351 0.043871 -0.581083 0.074235
GUCA 0.557708 -0.207409 0.053381 0.401583 -0.313042 0.413898 -0.218021 -0.115307 -0.095819 -0.683170 0.541479 0.212891 -0.228169 0.020457 -0.762333 0.117504 -0.023051 -0.747548 -0.175757 0.467123 0.169845 0.426069 -0.309911 -0.077790 0.211155 0.386859 -0.637867 -0.045989 -0.438068 -0.110238
UGAC 0.622611 -0.039251 0.056402 0.080887 -0.208625 0.507082 0.053740 -0.079993 -0.390405 -0.567288 0.660026 0.001427 -0.366364 -0.080392 -1.041791 0.171334 0.046297 -0.774387 -0.297192 -0.366764 -0.011856 0.225260 -0.723024 -0.289102 -0.142217 0.182711 -0.245467 -0.311982 -0.598765 -0.108566
CACC 0.324653 -0.166760 0.261086 0.090747 -0.404927 0.473129 0.217133 -0.177473 -0.234646 -0.428829 0.827819 -0.471624 -0.562224 0.282895 -1.080697 0.140681 0.218923 -0.829946 0.221190 -0.161626 0.280835 0.224003 -1.129781 -0.364198 -0.285975 0.190047 -0.439143 -0.547985 -0.279114 0.662052
GGUG 0.647693 -0.389418 0.269867 0.510693 -0.379534 0.580727 -0.317634 -0.816406 0.136283 -1.045968 0.610268 0.233771 -0.252030 -0.002686 -0.767725 -0.093220 0.237868 -0.185832 0.122183 0.442235 0.044208 0.432834 -1.008483 -0.245368 -0.212347 0.581083 -0.393389 0.442455 -0.142433 -0.245409
GUAU 0.170244 0.103151 0.240630 0.456340 -0.388950 -0.014241 -0.108376 0.062033 -0.171480 -0.779709 0.581245 0.455358 -0.128009 -0.374242 -0.537802 0.018391 -0.031046 -0.609864 -0.699003 -0.080637 0.277133 0.469079 0.548702 -0.013547 -0.037021 0.721514 -0.435548 -0.217533 -0.538067 -0.391308
AUAC 0.446223 0.311751 0.251944 -0.099766 -0.202912 0.055436 0.036446 0.064393 -0.318124 -0.516863 0.869159 0.315220 0.032041 -0.202700 -1.031672 0.265315 0.094347 -0.690486 -0.632645 -0.797368 0.013883 0.189598 0.301681 -0.289508 -0.195605 0.229742 -0.028200 -0.214285 -0.797612 0.018202
GAGU 0.422828 -0.285464 -0.106541 0.518077 -0.303289 0.507413 -0.383436 -0.364241 -0.096270 -1.004049 0.403226 0.444329 -0.265217 -0.041736 -0.644387 0.190228 0.056757 -0.472288 -0.331267 0.415759 0.222490 0.384379 -0.435124 -0.045678 -0.066152 0.424629 -0.509331 -0.035463 -0.253017 -0.180279
GAUA 0.615821 0.028926 -0.176998 0.288350 -0.081748 0.343272 -0.323090 0.034547 -0.106983 -0.642552 0.479532 0.533502 0.099248 -0.000735 -0.886576 0.307334 -0.099108 -0.622112 -0.547942 0.147971 0.125828 0.325587 0.331292 0.002526 0.102664 0.329382 -0.472345 -0.068214 -0.599028 -0.362223
UAUC 0.515651 0.108441 -0.100860 -0.040123 -0.158626 0.093629 0.124267 0.396686 -0.406482 -0.438510 0.641367 0.293655 -0.306246 -0.210658 -0.794769 0.361978 0.101840 -0.807341 -0.535429 -0.205296 0.097608 0.180598 -0.086272 -0.312931 -0.066615 0.270095 -0.236879 -0.768880 -0.876664 -0.269501
ACUC 0.523506 -0.052952 -0.015452 -0.107621 -0.181940 0.222263 -0.022918 0.063266 -0.423142 -0.521075 0.727879 -0.108474 -0.482875 -0.062445 -0.961418 0.322057 0.100820 -0.782382 -0.256981 -0.219479 0.188345 0.025418 -0.803716 -0.385480 -0.027312 0.062123 -0.262385 -0.394358 -0.645133 0.223684
UAGU 0.608549 0.148193 -0.071440 0.376507 -0.010811 0.135431 -0.057261 0.204296 -0.294459 -0.618006 0.512638 0.451297 -0.120821 -0.083170 -0.588870 0.260870 0.026185 -0.534709 -0.479624 0.071005 0.180252 0.195773 0.082264 -0.121935 0.112373 0.587972 -0.353272 -0.293832 -0.629082 -0.376881
ACUA 0.616770 0.173053 -0.162558 -0.099060 -0.002803 0.216062 -0.027162 0.270460 -0.068906 -0.612512 0.418368 0.466394 0.043625 -0.097418 -0.979814 0.233846 -0.105203 -0.743091 -0.400795 -0.045538 0.327956 0.126798 0.061696 -0.034117 -0.000327 0.329093 -0.208499 -0.229626 -0.610058 -0.263599
GUUA 0.527476 -0.023014 -0.113363 0.211295 -0.249609 0.178965 -0.180797 0.236072 -0.225641 -0.814640 0.534404 0.606412 -0.007457 -0.228715 -0.692288 0.220890 -0.220495 -0.631187 -0.535303 0.166569 0.120859 0.206426 0.231597 -0.139805 0.142597 0.356314 -0.378722 -0.131540 -0.494365 -0.350742
UAAC 0.741612 0.064418 -0.136239 -0.140380 -0.128208 0.118825 0.145804 0.213084 -0.316007 -0.555128 0.731977 0.238785 0.002911 -0.158130 -0.944666 0.391837 0.120319 -0.791009 -0.409554 -0.510852 0.044729 0.129624 0.096727 -0.285947 -0.068585 0.305163 -0.071373 -0.433931 -0.693676 -0.079200
GACU 0.467347 -0.181950 -0.141941 0.548139 -0.309789 0.351387 -0.198737 -0.237235 -0.115590 -0.837671 0.443039 0.192047 -0.368739 -0.075941 -0.669922 0.243500 0.009336 -0.629923 -0.362831 0.524136 0.237931 0.393527 -0.350292 -0.003532 0.045660 0.426063 -0.534148 -0.047826 -0.427006 0.064313
AGUC 0.603015 0.024017 0.033039 -0.005847 -0.101328 0.325992 0.012314 -0.064746 -0.360501 -0.619617 0.623325 0.084232 -0.312327 -0.119198 -1.007328 0.319912 0.223485 -0.735956 -0.258262 -0.260422 0.068863 0.102111 -0.815630 -0.443128 0.065256 0.160287 -0.101251 -0.182183 -0.754484 0.153240
GGAU 0.494239 -0.144505 0.173961 0.526049 -0.226716 0.497614 -0.298688 -0.334810 -0.052839 -0.973605 0.601256 0.462290 -0.083609 -0.215611 -0.764704 0.054900 0.019429 -0.361223 -0.288362 0.615101 0.190814 0.413644 -0.392659 -0.054971 0.058285 0.467733 -0.421093 0.090521 -0.423957 -0.108811
AUCC 0.453375 -0.034926 0.143067 -0.073936 -0.133121 0.402072 0.121394 0.132669 -0.324655 -0.520735 0.690224 0.099085 -0.264475 -0.041086 -1.051480 0.306948 0.271785 -0.837883 -0.097064 -0.212710 0.243526 0.080183 -0.777023 -0.347453 0.078116 0.181824 -0.211084 -0.703650 -0.616245 0.350528
GAGC 0.472384 -0.486966 -0.032385 0.233034 -0.487624 0.629469 -0.254239 -0.603571 0.146476 -0.748979 0.554402 0.045499 -0.311774 -0.073892 -1.177323 0.099934 0.221809 -0.687277 0.077988 0.284410 0.137208 0.084090 -1.118543 -0.242143 -0.157127 0.110070 -0.333652 -0.104536 -0.342781 0.120160
GCUC 0.607630 -0.422719 -0.056010 0.136610 -0.490026 0.301945 0.026266 -0.378355 -0.119772 -0.725562 0.602741 -0.205106 -0.663997 -0.076852 -0.864515 0.048478 0.211564 -0.785800 0.130874 0.198061 0.089038 0.159338 -1.178378 -0.409374 -0.112829 0.191001 -0.366599 -0.246417 -0.490526 0.253871
GGUU 0.687893 -0.233172 -0.164856 0.517920 -0.193501 0.203969 -0.111177 -0.099043 -0.343101 -1.078225 0.535383 0.314339 -0.287454 -0.229372 -0.461060 0.064922 0.034152 -0.423944 -0.271406 0.280812 0.007584 0.336780 -0.485812 -0.325421 0.063135 0.669727 -0.337481 -0.016187 -0.228659 -0.364680
GCCC 0.400394 -0.504730 0.235908 0.222738 -0.536238 0.630538 0.025857 -0.506919 -0.107586 -0.713246 0.513264 -0.504952 -0.721738 0.212381 -1.127034 -0.090070 0.168338 -0.838191 0.484036 0.193205 0.241432 0.303543 -1.577302 -0.292130 -0.088441 0.147552 -0.427555 -0.213087 -0.173395 0.483339
GGGC 0.506085 -0.565522 0.305522 0.310007 -0.513582 0.777640 -0.180856 -0.891706 0.043786 -0.809400 0.457166 -0.056945 -0.545310 -0.080422 -1.018378 -0.159166 0.275246 -0.560042 0.245146 0.287129 -0.171368 0.256734 -1.676704 -0.393353 -0.090301 0.206591 -0.446880 0.153754 -0.192951 0.177348
AACC 0.466324 -0.020633 -0.138389 -0.091332 -0.202595 0.474598 -0.167674 0.002782 -0.291558 -0.524258 0.708402 -0.015373 -0.213566 0.089568 -1.155427 0.432070 -0.002286 -0.931087 -0.258303 -0.373459 0.221289 -0.056282 -0.505315 -0.280625 -0.117069 0.033254 -0.304754 -0.282016 -0.483093 0.300511
GUUG 0.754021 -0.067027 -0.081351 0.427307 -0.224591 0.130512 -0.110928 0.131965 -0.155576 -1.147528 0.735297 0.387879 -0.280814 -0.238885 -0.563547 0.027222 0.175564 -0.207563 -0.313659 0.402146 0.171232 0.213829 -0.459403 -0.294079 0.159712 0.518188 -0.406918 0.203369 -0.307466 -0.443775
UAGG 0.647573 -0.111193 -0.093546 0.203482 -0.150075 0.374596 -0.221870 -0.217078 -0.045433 -0.770416 0.573002 0.665294 -0.202532 -0.055364 -0.731479 0.404742 0.178058 -0.339301 -0.455008 0.172924 0.269232 0.143507 -0.558662 -0.140909 -0.155855 0.228828 -0.293407 -0.147401 -0.489623 -0.126134
CCUA 0.472841 0.025809 -0.113826 0.070610 0.051289 0.247730 -0.154867 -0.063770 -0.385709 -0.714875 0.456207 0.126611 -0.303701 0.147398 -0.776602 0.278205 -0.201795 -0.666317 -0.214415 0.256334 0.274531 0.347269 -0.354798 -0.129508 -0.125804 0.314453 -0.398946 -0.412329 -0.607568 0.227464
GGCC 0.420774 -0.504032 0.344491 0.291097 -0.533084 0.669210 -0.026265 -0.745251 0.048101 -0.843448 0.627146 -0.195323 -0.474713 -0.044907 -1.008235 -0.138264 0.359107 -0.711495 0.369722 0.324874 0.156330 0.306160 -1.556471 -0.296179 -0.088937 0.157596 -0.259074 -0.110609 -0.248258 0.516126
CAAC 0.405244 0.096276 -0.008285 -0.118731 -0.216390 0.355075 0.046072 0.090565 -0.225104 -0.496523 0.731702 -0.000646 -0.234429 -0.068539 -1.183135 0.259647 -0.094357 -0.896872 -0.311133 -0.297495 0.290247 -0.009675 -0.507590 -0.191809 -0.236028 0.045231 -0.198480 -0.375391 -0.527858 0.214215
GUUC 0.529620 -0.136202 0.015304 0.241385 -0.292919 0.276934 -0.018250 0.104195 -0.392029 -0.712734 0.478334 0.161229 -0.492760 -0.226992 -0.822971 0.115932 -0.015891 -0.762759 -0.304114 0.093357 0.131137 0.133230 -0.575900 -0.289875 0.080892 0.358191 -0.375449 -0.484114 -0.688332 -0.074749
GAAC 0.529480 -0.012028 0.045385 0.193802 -0.344357 0.495865 -0.154146 -0.015745 -0.087486 -0.669891 0.581954 0.323271 -0.170089 -0.036624 -1.122068 0.248113 0.066129 -0.761087 -0.334904 -0.005712 0.156580 0.127836 -0.467606 -0.223034 0.097622 0.065137 -0.309211 0.023555 -0.563651 -0.056083
GGGU 0.551085 -0.494029 0.266610 0.698880 -0.283929 0.589824 -0.456562 -0.737131 -0.104954 -1.054464 0.557186 0.281736 -0.318157 -0.068527 -0.565379 -0.175696 0.084916 -0.166433 -0.078172 0.560401 0.084570 0.354730 -1.027732 -0.263477 -0.074093 0.581436 -0.615501 0.190654 -0.056929 -0.074958
ACCC 0.272467 -0.109803 0.204472 -0.020077 -0.293643 0.512572 0.080890 -0.093712 -0.309963 -0.489914 0.763552 -0.384002 -0.424822 0.336642 -1.218245 0.280945 0.114527 -0.810477 0.252533 -0.252084 0.321445 0.050158 -1.238726 -0.506956 -0.194137 0.083733 -0.271749 -0.373584 -0.266775 0.633725
CUAG 0.629285 0.107435 0.126615 0.113343 0.066228 0.115393 -0.124959 -0.256937 -0.171693 -0.747559 0.660731 0.212107 -0.048169 -0.091386 -0.751494 0.383929 -0.008921 -0.564736 -0.321109 0.217597 0.343389 0.207575 -0.493661 -0.262635 -0.007082 0.538460 -0.223191 0.077725 -0.724965 0.104083
GUGC 0.564336 -0.272300 0.573205 0.285141 -0.601256 0.260660 0.061858 -0.510243 0.202564 -0.460978 0.487171 0.033905 -0.574044 -0.286787 -0.844356 -0.362826 0.223695 -0.747901 -0.111144 0.050020 0.114913 0.071703 -0.882390 -0.133643 -0.093065 0.408592 -0.519809 -0.079484 -0.557614 0.139675
GCAC 0.324096 -0.076604 0.621563 0.015771 -0.649136 0.363652 0.057934 -0.324758 0.172722 -0.681876 0.579636 -0.047570 -0.494463 -0.087359 -1.106606 -0.255042 0.087369 -0.845914 0.016888 -0.131204 0.296987 0.208142 -0.799484 -0.156324 -0.149174 0.263452 -0.388726 0.174358 -0.427754 0.188555
GUAG 0.797694 -0.171673 -0.021623 0.296416 -0.265662 0.357273 -0.157941 -0.256486 -0.052748 -0.921201 0.520677 0.586829 -0.009799 -0.000363 -0.632152 0.339966 -0.153943 -0.545620 -0.261846 0.136420 0.253515 0.284978 -0.191092 -0.118134 -0.043048 0.606803 -0.307464 0.270460 -0.365194 -0.248158
CUAC 0.296159 0.024000 0.140085 -0.040008 -0.286906 0.051877 -0.022385 0.150113 -0.378193 -0.501526 0.416273 0.104863 -0.591051 -0.164607 -0.922946 0.283799 -0.125303 -0.824037 -0.526432 -0.386982 0.313667 -0.066499 -0.512589 -0.332290 -0.076639 0.211392 -0.340101 -0.477714 -0.789034 0.158751
UAGC 0.641594 -0.119082 -0.090939 -0.006937 -0.224029 0.187805 -0.033494 0.112008 -0.229587 -0.540165 0.553004 0.244551 -0.293791 -0.185391 -0.894280 0.271055 0.153004 -0.835071 -0.395207 -0.265989 0.266124 -0.035457 -0.491789 -0.233075 0.036511 0.199332 -0.215542 -0.477641 -0.631203 -0.209640
GCUA 0.438973 -0.105185 -0.273002 0.139675 -0.258519 0.209955 -0.166358 -0.056627 -0.088854 -0.990517 0.407612 0.484921 -0.129097 -0.070297 -0.954966 0.198484 -0.024093 -0.608712 -0.265374 0.299553 0.166255 0.364914 -0.118684 -0.195853 -0.071915 0.328525 -0.318023 -0.176620 -0.459055 -0.174043
GGUA 0.629689 -0.144684 -0.065467 0.329672 -0.193561 0.347427 -0.411765 -0.224480 -0.076335 -0.846169 0.430521 0.416550 -0.006732 -0.003820 -0.843205 0.109227 -0.204090 -0.466609 -0.318086 0.232911 0.127052 0.254811 -0.126712 -0.152135 0.012403 0.338588 -0.401523 0.219126 -0.458600 -0.399257
UACC 0.467524 0.023979 -0.009278 0.189817 -0.249957 0.168461 0.106619 0.192782 -0.365410 -0.309831 0.662907 0.001097 -0.345847 0.081852 -0.941296 0.304234 0.141333 -0.861647 -0.331869 -0.364993 0.190543 -0.000328 -0.444701 -0.391978 -0.131495 0.253511 -0.326121 -0.699630 -0.630035 0.046519
GUCC 0.519072 -0.388698 0.246819 0.500632 -0.408810 0.469641 0.041092 -0.361709 -0.286459 -0.477566 0.492441 -0.278671 -0.567313 0.029204 -0.868307 0.020169 0.063838 -0.825531 -0.059461 0.168076 0.109915 0.362361 -1.072351 -0.292538 0.043918 0.247726 -0.491527 -0.382140 -0.526809 0.340370
GGAC 0.600708 -0.251380 0.300434 0.347840 -0.244169 0.597736 -0.248541 -0.609776 -0.089969 -0.777242 0.703630 -0.110774 -0.147619 0.043817 -1.148371 -0.068642 0.107109 -0.620299 0.005237 0.032908 0.072596 0.254699 -1.059659 -0.307873 0.042267 0.064259 -0.297920 0.184169 -0.456405 0.149401
GACC 0.468217 -0.267607 0.163466 0.432319 -0.450161 0.543233 -0.100925 -0.262653 -0.256626 -0.643678 0.557631 -0.064316 -0.456735 0.300081 -0.893244 0.240813 0.141649 -0.839523 0.015097 0.059490 0.278432 0.267207 -0.993897 -0.260826 0.121718 0.024647 -0.395538 -0.072865 -0.354350 0.413555
GGUC 0.513438 -0.240347 0.365738 0.391684 -0.323664 0.466051 -0.089212 -0.341972 -0.235107 -0.759942 0.542080 0.006045 -0.440310 -0.000493 -0.875036 0.052998 0.133199 -0.603996 -0.012187 0.210269 0.107712 0.263176 -1.203088 -0.431314 0.108188 0.262272 -0.313008 -0.085231 -0.577189 0.036984
GAUC 0.591156 -0.165472 -0.082456 0.126186 -0.199708 0.423752 -0.035411 -0.090785 -0.290539 -0.838777 0.529771 0.231358 -0.218667 -0.149291 -0.875175 0.211835 0.106678 -0.715486 -0.143653 0.042634 0.092603 0.294484 -0.575201 -0.273165 0.077809 0.257648 -0.208892 -0.315497 -0.641994 -0.020021
GUAC 0.524678 -0.125838 0.171372 0.268482 -0.408238 -0.001061 -0.192719 -0.226916 -0.296986 -0.701683 0.787717 0.143044 -0.200256 -0.139947 -0.762198 0.066210 0.027343 -0.559833 -0.530112 -0.495059 0.072940 0.201059 0.018362 -0.319229 -0.116017 0.164128 -0.284766 -0.196835 -0.699822 0.063544
CCCG 0.083654 -0.638540 0.537324 0.510235 -0.963076 0.500992 -0.007365 -0.682159 0.094918 -0.991228 0.137245 -0.791678 -0.799885 0.199556 -1.052393 -0.524247 -0.177459 -0.889642 1.016525 0.751080 0.369644 0.083616 -1.976787 -0.587967 -0.096376 -0.036884 -0.070835 0.119819 -0.529199 0.826058
CGGG 0.669512 -0.911541 0.291388 0.820298 -1.150381 0.908821 -0.066263 -0.995412 0.346717 -0.849448 0.121515 -0.165244 -0.805415 0.097347 -0.966583 -0.283321 0.230446 -0.571296 0.596613 0.529977 -0.002802 -0.121081 -1.985302 -0.302972 0.029579 -0.085436 -0.282809 0.641041 -0.035428 0.603312
CGUG 0.556079 -0.619878 0.333693 0.285520 -0.920971 0.333914 -0.174599 -0.665734 0.217558 -0.620909 0.529004 -0.245261 -0.690140 0.247795 -1.290437 -0.381941 0.075874 -0.309952 0.523638 0.364365 -0.480105 0.270958 -0.956465 -0.598781 -0.228510 0.086470 -0.713220 0.046735 -0.535896 -0.144110
CACG 0.722807 -0.576413 0.385006 0.111942 -0.967938 0.619390 0.087509 -0.321128 0.139763 -0.473035 0.496076 -0.170487 -0.928467 0.297843 -1.053907 -0.580334 -0.105333 -0.454421 0.459023 0.171387 -0.252034 0.359305 -1.040678 -0.239189 -0.298199 -0.168277 -0.820437 -0.088706 -0.375623 -0.101654
ACGU 0.501037 -0.445886 0.515940 0.556585 -0.745153 0.185511 -0.136847 -0.510541 0.070849 -0.764123 0.667285 -0.200335 -0.141583 -0.171882 -0.640259 -0.363724 0.088966 -0.885966 -0.143762 -0.285710 0.343379 0.264637 -0.293289 -0.144780 -0.038694 0.297803 -0.270184 -0.015149 -0.431741 0.089708
A 0.142198 0.098757 0.190626 0.009267 -0.000403 0.029265 0.016301 0.022764 -0.054849 -0.014406 0.392243 0.359594 0.318710 -0.245820 -0.232261 0.133190 -0.041607 -0.295287 -0.487426 -0.451429 0.138010 -0.212886 0.015249 -0.172775 -0.158967 0.063774 0.135558 -0.121323 -0.138582 -0.004576
CCGG 0.500061 -0.675625 0.135108 0.929122 -1.199756 0.599401 0.119913 -0.978222 0.355743 -0.932961 0.276949 -0.545158 -1.160859 0.136608 -0.981834 -0.179014 0.358570 -0.526744 0.566185 0.786347 0.202873 -0.028866 -1.922935 -0.165474 -0.044705 -0.360972 -0.195665 0.474409 -0.539648 0.991963
GCGG 0.672527 -1.032692 0.162227 0.837417 -1.338939 0.847129 0.078843 -0.941567 0.468156 -1.317144 0.017177 0.098398 -0.712072 0.082930 -0.997112 -0.523053 0.188705 -0.355540 0.977413 0.599176 -0.129706 -0.046828 -1.931476 -0.478448 0.146711 0.014674 -0.182518 0.790978 0.115969 0.606126
CCGC 0.218562 -0.939886 0.377627 0.566057 -1.364541 0.421779 0.145202 -0.402724 -0.123163 -0.899720 0.379184 -0.882237 -1.023830 0.222850 -1.104059 -0.462557 -0.155513 -0.833014 1.054522 0.312388 0.379516 -0.175049 -2.136370 -0.739180 0.109949 -0.391918 0.007741 0.062491 -0.333955 0.977412
GGCG 0.578836 -1.057814 0.077022 0.906271 -1.217238 0.698280 -0.288233 -1.203081 0.389499 -0.933657 -0.106612 -0.400772 -0.657958 -0.082215 -0.969580 -0.773307 0.040032 -0.766107 0.787331 0.642734 -0.312316 0.038968 -1.903216 -0.586155 0.158525 -0.028901 -0.198141 1.000461 -0.175579 0.312308
CGCC 0.404669 -0.849356 0.168035 0.639645 -1.301816 0.585088 0.491366 -0.437266 0.060561 -0.804946 0.493618 -0.902764 -0.821612 0.270227 -1.326062 -0.401335 0.084421 -0.835202 1.156970 0.474361 0.124726 -0.071059 -1.942629 -0.574517 -0.037017 -0.396855 0.033833 -0.120401 -0.209264 1.063710
GCCG 0.458308 -0.778850 0.142749 0.898171 -1.230982 0.396189 -0.007015 -0.765944 0.191760 -0.979461 0.085766 -0.630037 -0.842883 0.335114 -1.131876 -0.548975 -0.060665 -0.754702 0.852122 0.747585 -0.057969 0.237392 -1.852693 -0.643109 0.128897 -0.259751 -0.100531 0.773995 -0.257655 0.504225
CGGC 0.527655 -1.114916 0.201573 0.484408 -1.222566 0.905428 0.346283 -0.686743 0.267801 -0.586621 0.050768 -0.600588 -0.645211 0.041781 -1.156893 -0.323489 0.110268 -1.103118 1.146626 0.252842 -0.034903 -0.104479 -2.041389 -0.563259 0.218874 -0.015740 -0.042966 0.108721 -0.153824 0.511734
U 0.233338 0.038503 -0.041411 0.057140 0.048404 -0.133831 0.064203 0.178986 -0.145987 0.094647 0.087911 0.204494 -0.052758 -0.092330 0.073202 -0.034736 -0.065604 0.045660 -0.215557 -0.154881 -0.095057 -0.131199 0.095382 -0.065106 -0.119154 0.094837 -0.001886 -0.267300 -0.173804 -0.277541
CGUU 0.705453 -0.291675 -0.072572 0.327438 -0.517009 0.009247 0.215018 0.130805 -0.080779 -0.852449 0.469048 -0.180690 -0.330386 -0.358460 -0.975712 -0.278135 -0.071290 -0.650631 0.146068 0.438157 -0.233093 0.033360 -0.420003 -0.463339 0.355140 0.291116 -0.317317 -0.108193 -0.587435 0.083262
AACG 0.743808 -0.244921 -0.085826 0.444247 -0.542510 0.420902 -0.170497 -0.140567 0.073884 -0.686594 0.593357 0.087499 0.000918 -0.056149 -1.218145 -0.272523 -0.128663 -0.670011 -0.023214 0.207500 -0.002402 -0.036518 -0.516328 -0.355357 0.023259 -0.286137 -0.053455 0.111618 -0.670814 -0.086103
CGCU 0.346558 -0.842730 0.100324 0.612468 -1.339655 0.304428 0.158701 -0.412230 0.135468 -1.021975 0.176373 -0.321372 -0.768169 -0.087181 -0.744437 -0.267735 -0.121049 -1.028421 0.505294 0.548488 0.242412 0.180600 -1.187758 -0.508469 0.025019 0.117476 -0.249000 0.191039 -0.285717 0.671008
CUCG 0.532630 -0.669359 0.437458 0.459143 -0.863635 0.468996 0.024074 -0.389220 -0.159928 -1.024475 0.190863 -0.087229 -0.789922 -0.104885 -0.704564 -0.621647 -0.183208 -0.860346 0.415122 0.597622 0.023371 0.203531 -1.536593 -0.522441 0.135998 -0.070955 -0.335880 -0.036043 -0.491489 0.573160
CGAG 0.373891 -0.750208 0.204540 0.601548 -1.042067 0.835734 -0.225664 -0.624600 0.097171 -0.927544 0.373455 -0.347531 -0.429904 -0.039912 -1.100600 -0.123011 0.110180 -0.916561 0.352895 0.202794 -0.134578 0.077513 -1.296380 -0.367845 0.225891 -0.144691 -0.284806 0.424693 -0.083134 0.360600
AGCG 0.561518 -0.554427 0.211985 0.733127 -0.976401 0.584395 -0.044553 -0.659411 0.044998 -0.840141 0.364439 -0.137661 -0.625077 0.167406 -1.177572 -0.295550 0.117082 -0.601840 0.405412 0.136506 -0.182564 -0.014781 -1.516549 -0.523835 0.108616 -0.335222 -0.089060 0.467052 -0.410940 0.268692
ACGG 0.789125 -0.424964 0.311729 0.682597 -0.645746 0.836400 0.221156 -0.793083 0.115813 -0.782459 0.619667 -0.108692 -0.095574 0.273779 -0.994251 -0.135211 0.115387 -0.538624 0.308904 -0.045049 -0.098302 0.338721 -1.301543 -0.409086 -0.282288 -0.108122 0.000909 0.277522 -0.320886 0.355767
CCGU 0.560786 -0.528411 0.343182 0.504126 -0.660315 0.372080 0.035068 -0.613356 -0.072311 -1.006200 0.316229 -0.289370 -0.673112 -0.116807 -0.507579 -0.593061 -0.141936 -0.783405 0.317891 0.640296 0.104582 0.433853 -1.098881 -0.322068 -0.180881 0.268082 -0.414803 -0.070407 -0.582030 0.594396
CGGA 0.360601 -0.697078 0.016140 0.727387 -1.229630 0.872905 -0.175821 -0.455984 0.198421 -0.977079 0.427901 0.232296 -0.517414 0.045434 -1.156571 -0.055520 0.244912 -0.753252 0.377987 0.504046 -0.106182 -0.064980 -1.122704 -0.351097 0.342423 -0.429395 -0.322716 0.387848 -0.173563 0.706325
UCCG 0.651583 -0.787112 -0.079883 0.640640 -1.021787 0.372465 0.290788 -0.590667 0.205101 -0.549448 0.490901 -0.539671 -0.589078 -0.314438 -1.152272 -0.203936 0.403125 -0.779068 0.602536 0.664651 -0.325606 -0.077163 -1.168224 -0.512615 0.126050 0.147494 -0.229993 -0.170257 -0.520362 0.673705
UGCG 0.039435 -0.994796 0.232808 0.088096 -1.243674 0.602200 -0.140051 -0.537011 0.169916 -1.084809 0.040601 -0.226841 -0.862317 -0.388030 -1.364345 -0.630487 0.032468 -0.239999 0.637367 0.225503 -0.622193 0.150166 -1.329482 -0.678546 -0.110556 -0.092339 -0.331667 -0.188148 -0.394005 -0.238984
CGCA 0.405463 -0.737825 0.392717 0.254203 -1.264765 0.759032 0.016637 -0.280681 0.316349 -0.761586 0.525491 -0.297538 -0.754256 0.249138 -1.332601 -0.597113 -0.325643 -0.524626 0.768612 0.602462 -0.196808 0.111589 -0.924833 -0.136589 0.009600 -0.334022 -0.829159 0.056818 -0.129161 0.359717
UCGU 0.896590 -0.521453 0.330376 0.711507 -0.683113 0.199845 0.161232 0.111214 -0.325002 -0.802259 0.833355 -0.022758 -0.299007 -0.235803 -0.320455 -0.300704 0.167337 -0.711305 0.217405 0.289666 0.009608 0.111585 -0.504051 -0.432193 0.576389 0.375393 -0.333985 -0.103476 -0.399939 0.219227
ACGA 0.401766 -0.199630 -0.064831 0.470990 -0.694491 0.580751 -0.110014 -0.305743 -0.023825 -0.868971 0.492027 0.060509 -0.140005 0.006874 -1.185916 -0.087564 0.118826 -0.746063 -0.080113 -0.124200 -0.171956 0.286667 -0.507855 -0.340645 0.055794 -0.305695 -0.088882 0.256515 -0.462866 0.142268
UCGG 0.237280 -0.400390 0.166130 1.202477 -0.980703 0.518186 0.124123 -0.309777 -0.005033 -0.828552 0.270852 -0.105818 -0.646128 0.075328 -1.322803 -0.385345 0.112271 -0.656906 0.229848 0.362801 0.068040 0.038036 -1.522121 -0.554199 0.051602 0.120282 -0.231347 0.164079 -0.050381 0.368653
CCGA 0.358928 -0.651750 0.305371 0.747880 -0.764183 0.696826 -0.200278 -0.609348 -0.030597 -0.927222 0.214996 -0.172537 -0.293127 0.169077 -1.208879 -0.410944 -0.303997 -0.940303 0.411048 0.308429 0.189298 0.174673 -1.339373 -0.438578 0.142558 -0.078348 -0.337361 0.020075 -0.293161 0.567804
UUCG 0.568711 -0.679004 -0.476013 1.027971 -0.743536 0.381361 -0.063023 -0.171218 -0.337146 -0.860929 0.641576 -0.404779 -0.483469 -0.565136 -0.846550 -0.442052 0.196912 -0.618713 -0.087779 -0.126353 -0.175657 -0.167192 -0.597383 -0.328908 0.247037 0.118416 -0.203139 -0.457560 -0.415492 -0.182404
CGAA 0.582950 -0.335776 0.181734 0.529328 -0.859434 0.858599 -0.041659 -0.061632 -0.238099 -0.873389 0.313447 0.085840 -0.270998 -0.027800 -0.996891 0.033006 -0.377756 -0.955298 -0.233582 0.129802 -0.165600 0.409814 -0.430351 -0.139093 0.279259 -0.591847 -0.067658 0.237302 -0.761065 0.198383
CGUC 0.586398 -0.587782 0.460161 0.496992 -0.885411 0.431065 0.262161 -0.281400 -0.142791 -0.268317 0.589593 -0.666925 -0.598022 -0.109452 -0.991710 -0.112131 0.225431 -1.015843 0.426606 0.201099 -0.395096 0.093854 -1.308319 -0.755052 0.535954 -0.096740 -0.424885 -0.144344 -0.827382 0.497048
GCGC 0.502783 -0.787370 0.663526 0.582279 -1.456087 0.478516 0.236901 -0.717916 0.834695 -0.941828 0.263968 -0.825225 -0.851242 -0.631404 -1.228884 -1.370761 0.195390 -0.845263 0.920253 0.792441 0.439998 -0.676496 -1.768103 0.150484 0.185094 -0.362211 -0.016472 0.587966 -0.223152 0.942066
GACG 0.278516 -0.595795 0.101681 0.865613 -1.203741 0.891556 -0.124919 -0.493629 0.179535 -0.804743 0.293004 -0.120857 -0.677348 -0.104804 -1.018798 -0.220903 -0.192736 -0.721521 0.072656 0.610321 -0.116346 0.277635 -1.163586 -0.283400 0.047830 -0.295938 -0.410218 0.595761 -0.292930 -0.022832
G 0.273980 -0.031813 0.176848 0.442737 -0.255278 -0.056050 -0.097217 -0.044047 0.261478 -0.446261 0.162361 0.324380 -0.012882 -0.154432 0.021729 -0.249445 0.065889 0.190770 -0.131750 0.238588 0.262914 -0.139851 0.194182 0.182750 -0.032064 0.353974 -0.205434 0.312150 0.087173 -0.038369
GCGU 0.423879 -0.748136 0.621152 1.046492 -1.118247 0.330232 -0.094517 -0.825132 0.335207 -1.012625 0.154616 -0.202371 -0.533887 -0.281580 -0.724358 -0.928387 0.032300 -0.814471 0.325901 0.333892 0.221425 0.121086 -0.686473 -0.068485 0.113070 0.546482 -0.530425 0.248915 -0.272278 0.410539
C 0.259034 -0.093294 -0.002585 -0.057524 -0.080870 -0.136529 0.026924 0.117776 -0.152343 -0.131862 0.066309 0.101090 -0.301590 0.199422 -0.063159 0.069965 -0.246858 -0.141690 0.001483 -0.042561 0.325754 0.038481 -0.096076 -0.017990 -0.140385 0.106810 -0.188796 -0.256957 -0.293270 0.163114
ACGC 0.687919 -0.099240 0.777098 0.032913 -1.007743 0.393160 0.391302 -0.421724 0.448509 -0.585503 0.634331 -0.443450 -0.664338 -0.301255 -1.326259 -0.692285 0.185290 -0.924955 0.357467 -0.186284 0.012270 -0.299544 -1.207440 -0.203927 -0.192518 -0.141516 -0.099347 0.412428 -0.653244 0.668466
CGGU 0.763721 -0.563457 0.212954 0.894946 -0.826704 0.537426 0.168938 -0.651423 0.007335 -0.909162 0.134721 0.101088 -0.433328 0.177621 -0.766541 -0.424047 -0.062063 -0.770013 0.432266 0.526713 -0.181643 0.347002 -1.034533 -0.410055 -0.105193 0.236918 -0.225500 0.134603 -0.286684 0.531966
ACCG 0.204370 -0.397577 0.124251 0.606262 -0.914197 0.750249 0.005386 -0.334466 -0.073114 -0.701055 0.141910 -0.446421 -0.724766 0.028407 -1.174106 -0.260830 -0.235177 -0.967005 0.254317 0.068543 0.063719 -0.091269 -1.387977 -0.323183 -0.128800 -0.174778 -0.077486 0.111919 -0.359652 0.110611
UACG 0.792191 -0.263584 0.008861 0.642767 -0.842171 0.196011 0.225506 -0.075129 0.380218 -0.338380 0.156929 0.516432 -0.310155 0.100203 -0.960666 -0.297261 -0.121661 -0.696683 -0.060850 0.051871 0.186696 -0.126531 -0.297495 -0.244068 -0.481278 0.262493 -0.227744 -0.468227 -0.896769 -0.599598
CGUA 1.229168 -0.540007 0.071107 0.150453 -0.821838 0.093630 -0.035294 -0.157227 0.044508 -0.401213 0.578269 0.195395 -0.299520 0.088245 -0.576957 -0.089178 -0.374258 -0.801973 -0.007398 0.095972 -0.025926 -0.107165 0.028726 -0.147167 -0.082285 -0.142618 -0.365889 -0.088600 -0.928121 -0.111158
UCGA 0.796109 -0.382091 -0.170506 0.911003 -0.369275 0.953554 0.263698 -0.280768 -0.389950 -1.082498 0.288819 -0.099100 -0.097812 -0.253536 -0.964100 -0.595641 -0.009123 -0.702193 -0.039378 0.027427 -0.017637 0.821585 -0.508457 0.300144 0.131660 -0.414150 0.373413 -0.425064 -0.680860 0.243699
CGAU 0.740051 -0.394763 -0.582369 0.990885 -0.536488 0.414122 0.167352 -0.414282 -0.131513 -0.934166 0.341099 -0.277640 -0.376123 -0.227703 -1.003876 -0.283843 0.247617 -0.641732 -0.133073 0.265262 -0.092982 0.446824 -0.261752 0.103208 0.096987 -0.091692 0.020783 -0.124261 -0.557311 0.236160
AUCG 0.454033 -0.360419 0.452586 0.382422 -0.676293 0.966417 0.185117 0.128237 -0.353029 -0.899172 0.325681 0.235732 -0.348593 -0.201315 -0.680477 -0.125144 -0.009199 -0.645904 0.067030 0.072765 -0.057400 0.497535 -0.748767 -0.122161 0.376679 -0.397803 0.100001 -0.353682 -0.914131 -0.084977
GCGA 0.675223 -0.874612 0.351246 0.655119 -0.929513 0.772448 -0.146856 -0.684553 0.445702 -0.923265 0.199144 -0.336318 -0.027569 -0.119532 -1.115880 -0.470579 0.004029 -0.868537 0.553401 0.608234 -0.018278 0.155142 -1.045179 -0.168293 0.570858 -0.122967 -0.248531 0.507312 -0.344432 0.060005
UCGC 0.939954 -0.903511 0.019013 0.185566 -1.119395 0.509095 0.420776 -0.112313 -0.153026 -0.920897 0.503832 -0.771720 -0.791325 -0.141076 -0.799600 -0.409962 -0.171473 -1.088710 0.758803 -0.128939 0.095372 -0.137525 -1.477327 -0.472361 -0.054829 -0.002774 0.039797 -0.105065 -0.375529 0.094782
GUCG 0.781055 -0.813812 0.383450 0.971203 -1.087832 0.547674 0.387175 -0.162728 0.166854 -1.144725 0.380607 0.102749 -0.180602 -0.119226 -0.986570 -0.303487 0.256116 -0.349979 0.631143 0.505229 -0.170216 0.141362 -1.083973 -0.639430 0.683231 0.297507 -0.201861 0.197118 -0.224139 0.219903
CGAC 0.526425 -0.466522 0.142150 0.508774 -0.857573 0.807976 0.193725 -0.277430 -0.050234 -0.831418 0.610517 -0.557862 -0.225259 -0.053233 -1.292006 -0.479678 -0.203078 -1.015106 0.576390 -0.109708 0.183546 -0.148786 -1.279993 -0.521178 -0.181412 -0.102392 0.136603 -0.026214 -0.485130 0.498724
CGCG 0.805201 -1.702443 0.383018 0.426834 -1.708061 0.735359 -0.210387 -0.883420 0.125188 -1.135641 -0.500651 -0.696999 -1.408619 0.533890 -1.159857 -1.032015 -0.484376 -0.185840 1.692945 0.242155 -0.543014 -0.434591 -1.960928 -0.575348 0.414574 -0.775663 -0.568534 0.603810 -0.149942 1.120501
AA 0.068583 0.183271 0.018537 -0.253426 0.196424 0.008028 -0.077255 0.088381 -0.093095 0.268142 0.289302 0.401350 0.610076 -0.342544 0.145856 0.393111 -0.452660 -0.154854 -0.622406 -0.076107 -0.044460 -0.370391 0.136561 -0.292955 -0.237511 -0.080624 0.193207 0.115221 -0.020919 0.016688
UU 0.351806 0.046711 -0.082693 -0.016818 0.259356 -0.243956 0.172616 0.338895 -0.310671 0.105255 0.176992 0.156375 0.152869 -0.356569 0.290668 -0.073498 -0.190800 0.063480 -0.352063 -0.113552 -0.219731 -0.126385 0.171389 -0.172030 0.018125 0.134504 0.053452 -0.260079 -0.040341 -0.288194
UA 0.242119 0.139818 0.100646 -0.108499 -0.000253 -0.292061 0.100288 0.394994 -0.000922 0.390873 0.114358 0.370325 0.219249 0.029575 0.036312 0.105069 -0.390337 0.074822 -0.347913 -0.064489 -0.139919 -0.101083 0.407588 -0.151024 -0.382538 -0.048265 0.113288 -0.353854 -0.407192 -0.714958
UG 0.199320 -0.063691 0.114430 -0.357960 0.021073 -0.187398 -0.209390 0.211104 -0.201688 -0.012774 0.002225 -0.028175 -0.318524 0.057477 -0.279911 -0.194045 -0.002881 0.680136 0.042905 -0.294810 -0.546966 -0.147044 -0.160001 -0.396584 -0.179479 -0.206282 -0.155533 -0.215807 -0.291957 -0.750266
CA 0.077254 0.006976 0.019841 -0.178824 -0.013392 0.005691 -0.061248 0.111987 -0.001220 0.124510 0.170766 0.136709 -0.040479 0.277572 -0.236137 0.273649 -0.102020 -0.013515 -0.011791 -0.086877 0.135003 -0.084104 0.059445 0.060930 -0.044557 -0.055251 -0.221084 -0.147144 0.013619 0.085598
AU -0.065406 0.300312 0.371779 -0.108254 0.177540 -0.126418 0.099055 0.041645 0.008407 0.128312 0.117141 0.178682 0.317940 -0.176883 0.094360 0.099076 0.151342 0.053959 -0.356343 -0.494631 0.173171 0.030867 0.357431 0.046598 0.073566 0.017565 0.241522 -0.043649 -0.379645 -0.042367
AG 0.365295 0.175609 0.257277 -0.156497 0.303972 -0.084338 -0.071403 -0.189392 -0.126173 -0.052263 0.081697 0.155582 0.053854 0.105809 -0.053594 0.150829 -0.113182 -0.055090 -0.272546 -0.444246 0.229986 -0.052046 -0.379197 -0.123177 -0.053806 -0.000821 0.203315 0.353861 -0.290144 -0.058817
UC 0.234806 0.075953 -0.030282 -0.071786 0.091552 -0.260743 0.272404 0.279505 -0.330050 0.229729 0.550024 -0.524929 -0.038624 -0.188893 0.188417 0.266319 0.155720 -0.037883 0.030724 0.081744 -0.212436 0.023836 -0.082214 -0.368956 0.226795 0.116020 0.118892 -0.187396 -0.384695 -0.190751
AC -0.040854 0.463227 0.498281 -0.294280 0.178007 -0.246951 0.058536 0.091333 -0.121210 -0.063262 0.353156 -0.197737 0.106743 0.029986 -0.160795 0.023051 0.013364 0.093926 -0.090582 -0.344838 0.266433 -0.050052 0.190875 -0.045300 -0.170416 0.027767 0.264393 0.220552 -0.316841 0.137498
CU 0.159986 0.018039 0.000232 0.038502 0.072939 -0.217075 -0.074922 0.118707 -0.288871 -0.028854 0.113224 0.155270 -0.249876 0.059930 0.067022 0.167734 -0.039974 -0.067290 -0.091497 -0.062412 0.087674 -0.152938 -0.302861 -0.222734 0.169473 0.075981 -0.100249 -0.047094 -0.184177 0.212732
GA -0.000622 -0.010254 -0.353806 0.211120 0.171239 0.151998 -0.264030 -0.182677 0.134351 -0.083651 -0.131629 0.148768 0.308164 0.078523 0.300752 0.293194 -0.058532 0.336846 -0.039811 0.477707 0.140704 0.175381 0.278746 0.239727 0.028797 -0.025348 0.182279 0.426974 0.062573 -0.219576
GG 0.155027 0.006269 0.099355 0.339734 0.084943 0.020553 -0.248757 -0.145161 -0.108508 -0.536078 0.103628 0.267409 0.204411 0.115816 0.186426 -0.148766 -0.182639 0.449968 0.186353 0.490503 -0.027002 0.156262 -0.223902 -0.216639 -0.021963 0.234371 0.147691 0.656894 0.288217 -0.278752
GU -0.168149 0.086997 0.187831 0.314094 -0.131994 -0.232700 -0.003535 -0.001122 0.225755 -0.124812 0.052382 0.241992 0.027988 -0.055804 0.300645 -0.105299 0.142416 0.502720 -0.074844 0.171174 0.069090 0.029162 0.500320 0.178143 0.062625 0.222396 -0.156213 0.294438 0.240181 -0.002537
CC -0.031149 0.076618 0.169238 -0.123314 0.089490 -0.213065 0.152449 0.085873 -0.261515 -0.069984 0.215441 -0.362746 -0.174329 0.248016 0.257228 0.103366 -0.316556 0.140464 0.410009 0.300452 0.339876 0.123687 -0.419409 -0.271295 -0.142595 0.003186 0.179755 -0.102417 -0.370453 0.396265
GC -0.076560 0.012558 0.197147 0.189956 -0.139043 -0.160839 -0.055211 -0.115075 0.192052 -0.302070 0.134577 -0.092642 0.043628 0.159470 0.127743 -0.128382 -0.108054 0.352438 0.220540 0.467205 0.328567 0.158386 0.090081 -0.015390 -0.102423 0.123957 -0.028266 0.394446 0.016548 -0.098341
UUU 0.123757 0.107424 -0.115075 0.371062 0.308624 -0.095215 0.175806 0.344934 -0.393057 0.313001 0.325899 0.120455 0.347521 -0.597144 0.105469 -0.137024 -0.218296 -0.064340 -0.452656 0.047886 -0.395227 -0.310200 0.227953 -0.166638 0.088459 0.424149 0.021731 -0.610046 0.071752 -0.348929
AAA -0.134566 0.086678 -0.370280 -0.441433 0.150263 -0.005531 -0.179852 0.322544 -0.227479 0.177688 0.365784 0.469030 0.829132 -0.538270 0.269097 0.335985 -0.940423 -0.252676 -0.813676 0.094624 0.054851 -0.475743 0.198522 -0.279460 -0.646581 -0.276024 0.438304 0.009644 0.531230 0.080659
UUA -0.255436 0.094131 0.003709 -0.018335 0.274000 -0.184145 0.236815 0.435891 -0.302159 0.402803 0.039979 0.252545 0.659368 -0.565223 0.549429 -0.166486 -0.573648 -0.331593 -0.671463 -0.153173 -0.341406 0.501145 0.334309 -0.430573 -0.248723 0.197635 0.262610 -0.494320 0.098425 -0.560725
AUA -0.777991 0.360155 0.624596 -0.170717 -0.087496 -0.363562 0.066577 0.179258 0.068226 0.044631 0.062838 0.769392 0.628282 -0.311403 -0.069910 0.294167 0.203728 -0.071703 -0.533906 -0.792527 -0.152335 0.425543 0.840589 -0.325745 0.096429 0.429858 0.174104 -0.036958 0.154955 0.222094
UAA -0.259414 0.341329 -0.388646 0.370368 0.300754 -0.281263 0.224975 0.327967 0.039314 0.517867 0.430186 0.000688 0.690093 -0.262646 0.020277 -0.035497 -0.063566 -0.000454 -0.431489 -0.038437 -0.158635 -0.129995 0.589868 -0.262384 -0.174791 0.101981 0.229589 -0.386481 0.007641 -0.458488
AUU 0.091134 0.168493 0.179607 -0.161244 0.172110 0.141318 0.235077 0.288105 -0.084201 0.053125 0.245501 0.367168 0.528129 -0.395021 0.135938 0.121473 0.009264 -0.142819 -0.369700 -0.442618 0.194712 -0.017871 0.353839 -0.016297 0.083067 0.151788 0.217463 -0.276721 -0.191742 -0.137784
AAU 0.005919 0.364732 0.001691 -0.243461 0.408100 0.138736 -0.137601 0.158715 -0.179315 0.292409 0.062616 0.363628 0.588761 0.038789 0.001252 0.232339 -0.327228 -0.168526 -0.436375 -0.195316 -0.239344 0.127651 0.382785 -0.160826 -0.193349 -0.106626 0.102799 -0.009253 -0.131733 -0.262153
ACA 0.008325 0.465600 0.429350 -0.730211 0.221077 -0.350480 -0.110910 -0.166962 0.322996 0.171053 0.287856 -0.180944 0.312370 0.153758 -0.179987 0.088888 0.094523 -0.022846 -0.132168 -0.396673 0.179346 -0.179676 0.418168 0.105967 -0.465063 0.008207 0.100332 0.336223 -0.140911 0.199987
UAU 0.407446 0.102736 0.198774 -0.065414 0.096655 -0.197085 0.223735 0.409795 0.165291 0.715111 -0.007157 0.521792 0.233982 0.376203 0.060521 -0.023137 -0.212775 0.333659 -0.096526 -0.198604 -0.137644 -0.153190 0.529586 0.164306 -0.224159 -0.014609 -0.141292 -0.673606 -0.277653 -0.966048
UUC -0.117998 0.006753 -0.442689 0.035213 0.173067 -0.087058 0.398816 0.236072 -0.336120 0.077740 0.338174 -0.287097 0.084303 -0.715861 -0.013722 0.111025 0.176840 -0.414958 -0.248436 0.046555 -0.535038 0.140638 0.259244 -0.304108 0.281274 0.810679 -0.314241 -0.533478 0.339045 -0.006497
UCA -0.061488 0.191026 0.250823 -0.205373 0.274786 0.098658 0.274045 0.321829 -0.261770 0.170544 0.061146 -0.063894 0.348863 0.024571 0.304503 0.307660 -0.071208 0.123468 -0.166247 -0.015241 0.000656 0.362662 0.037202 -0.112727 0.071110 -0.068397 0.179279 -0.245222 0.007021 -0.265196
AUG -0.203705 0.593047 0.453449 -0.252467 0.193429 -0.034252 0.079628 -0.115714 0.348649 0.083133 0.251062 0.107642 0.104332 -0.518945 -0.283292 -0.407516 0.493324 0.061693 -0.532689 -0.371419 0.043637 -0.010599 0.304589 0.533915 -0.134187 -0.176721 0.017611 -0.007847 -0.058384 0.114012
UUG 0.238816 0.269237 0.012872 0.173977 0.143779 -0.383671 0.256657 0.841564 -0.366586 -0.455301 0.531431 0.033286 -0.140192 -0.315944 0.510444 -0.184140 0.259875 0.455519 -0.432514 -0.130116 0.054663 -0.215461 -0.011521 -0.223869 0.151110 0.154638 -0.162111 -0.019289 0.545239 -0.486456
UGA 0.050459 0.316789 -0.435786 0.209210 -0.059343 0.130257 0.362584 0.143188 0.119549 -0.098604 0.163622 -0.136499 -0.059696 -0.044825 -0.311372 0.061969 0.293412 0.202654 -0.199098 -0.367614 0.028822 0.131617 0.003144 0.094540 -0.220189 -0.212857 0.386761 0.011535 -0.285122 -0.587411
UGU 0.208845 -0.204484 0.003183 -0.770359 0.010476 -0.296807 -0.346584 -0.010931 0.058262 0.270380 0.056417 -0.341911 -0.221880 -0.068351 0.063392 -0.094867 0.198727 0.494102 0.110983 -0.223989 -0.687761 -0.112709 0.217890 -0.114678 -0.209916 -0.195220 -0.215764 -0.321799 -0.378713 -0.878805
AGA 0.016216 0.196633 0.051234 -0.483105 0.494876 0.213330 -0.460751 -0.183638 -0.162348 0.179498 -0.123911 0.178886 0.262690 -0.111735 0.000855 0.272990 -0.063143 0.085182 -0.292131 -0.344408 -0.027587 -0.261039 -0.156957 0.110299 0.013575 -0.313859 0.279512 0.371038 -0.045787 0.031059
AAG 0.187819 -0.227298 -0.236723 -0.465080 0.303838 0.285729 -0.344554 -0.091149 0.036758 0.352832 -0.034788 0.313629 0.445656 -0.157378 0.272807 0.484987 -0.082896 -0.017566 -0.151947 -0.147347 0.014956 -0.395120 -0.055801 0.018760 0.147904 -0.135609 0.053249 -0.031162 -0.109783 -0.179621
CUG -0.133503 0.060838 -0.066432 -0.152444 0.141467 0.026736 -0.006595 -0.033414 -0.113507 0.108308 -0.111684 0.011771 -0.312821 0.001876 0.489441 0.042649 0.322222 0.075110 0.065304 0.058084 0.101932 -0.011853 -0.313507 0.083351 0.003071 -0.145748 0.063138 -0.091711 -0.038166 0.192047
CUU 0.002839 -0.010501 -0.459374 -0.193275 0.434603 -0.138985 -0.065617 -0.070634 -0.292261 -0.097447 -0.188552 0.267872 -0.010491 -0.167569 0.417289 -0.054252 -0.181839 -0.293227 -0.193409 -0.068299 0.059175 0.221738 -0.144610 -0.162025 -0.305031 0.183245 0.142372 -0.375301 -0.121588 0.138388
UCU 0.001632 0.211747 -0.297233 0.171663 0.130767 0.001791 0.356204 0.210880 -0.218579 0.421098 0.340982 -0.373349 -0.002767 -0.341315 0.068683 0.296863 0.070915 -0.302655 -0.193551 0.393670 -0.256567 0.072693 -0.191551 -0.051041 -0.056944 0.229329 0.222227 -0.335922 -0.053675 -0.290807
GAA -0.358139 0.186873 -0.463992 0.084570 0.075609 0.274437 -0.278623 -0.068186 0.180964 0.040015 -0.021495 0.330909 0.317137 -0.247489 0.237410 0.479012 -0.026982 0.311016 -0.265841 0.823428 -0.017655 -0.023536 0.433814 0.312053 0.048554 -0.269398 0.158791 0.386694 0.136576 -0.059369
UGG -0.052420 0.133077 -0.277540 0.099526 0.184917 0.015439 -0.016541 0.138066 -0.052953 0.112802 -0.142683 0.173842 -0.219454 0.113565 0.070823 -0.093255 0.394666 0.358729 -0.001682 -0.257550 -0.348015 -0.034939 -0.632617 -0.335266 -0.100479 -0.010021 0.076647 0.062223 0.244364 -0.519575
CAA 0.008666 0.265441 -0.311003 -0.023932 0.283040 0.182426 0.016249 0.310580 -0.167328 0.301253 -0.019345 -0.174398 0.088929 0.461601 -0.133619 0.367922 -0.275786 -0.107547 -0.149566 -0.124819 0.391322 -0.024202 0.060427 0.232503 -0.448587 -0.159852 0.181607 -0.177438 0.184763 -0.102753
CAG -0.080721 -0.135496 -0.203748 -0.074947 0.224347 0.292321 -0.066958 -0.169139 0.002089 0.235362 -0.259472 -0.019152 -0.032735 0.562984 -0.192259 0.127239 -0.002763 -0.017979 0.281462 -0.222399 0.187189 0.188777 -0.280514 0.137122 -0.231301 0.017394 -0.104119 -0.293390 0.254325 -0.091143
GUG -0.197610 0.224952 0.780074 0.491184 -0.320002 -0.151441 -0.038608 -0.408137 0.618820 -0.320808 0.212913 0.194756 -0.214311 -0.378702 0.884505 -0.873273 0.549506 0.480302 -0.401647 -0.500415 0.380309 -0.353746 0.638081 0.695930 -0.526239 0.593583 -0.517919 0.355508 0.604878 0.415509
CCA -0.412904 0.311697 -0.240089 -0.143093 0.159512 -0.211792 0.086526 0.074706 0.102162 0.034169 0.027743 -0.275097 -0.062476 0.206481 -0.119213 0.394444 0.102903 0.140821 0.125401 0.224325 0.248277 -0.139506 -0.397859 -0.198757 -0.294206 -0.194708 0.275929 -0.007755 -0.106416 0.518087
AAC -0.381060 0.242663 -0.328502 -0.054817 0.538114 0.067832 -0.176526 0.131635 -0.212532 0.374966 -0.150633 -0.099160 0.355159 0.164833 -0.154526 0.230973 -0.173827 -0.017177 -0.221355 -0.393987 0.045590 -0.246317 0.517696 0.320689 0.073851 -0.256664 0.105190 -0.309778 0.335659 0.145603
CAU 0.185627 0.006762 -0.118149 -0.231908 0.269228 -0.064361 0.049608 0.203479 -0.234966 0.381221 -0.214970 0.221850 -0.211590 0.611922 0.106384 0.102450 -0.202678 0.189640 0.016667 -0.435205 -0.069616 0.354284 0.135605 0.175044 -0.072187 -0.099836 -0.322066 -0.264306 0.254569 -0.216282
AGG -0.018457 0.035086 0.178722 -0.221334 0.526183 0.125705 -0.353088 -0.443879 -0.003261 -0.007349 -0.395429 0.317909 0.143456 0.091184 0.041878 0.006701 0.264458 0.289373 -0.099853 -0.562136 0.081018 -0.194824 -0.541886 0.138658 -0.217371 -0.049406 0.404310 0.075461 0.187782 0.034769
CUC -0.011997 -0.412828 -0.291321 -0.688119 0.313333 -0.350765 -0.243882 -0.221603 -0.296976 -0.084351 -0.432312 -0.361991 -0.417065 -0.291623 0.864674 -0.016264 -0.031852 -0.493954 0.288632 -0.063509 0.483211 -0.004440 0.008366 0.235095 0.449317 0.389320 -0.216849 -0.240338 -0.211899 0.550730
UAC 0.223748 0.141028 -0.417000 -0.061371 0.026523 -0.456097 0.181057 0.293154 0.216156 0.752755 -0.155741 0.272537 -0.213021 0.461086 0.140447 0.248619 0.313561 0.194225 -0.074977 -0.345438 -0.278990 -0.230151 0.677394 -0.037134 -0.014421 0.054792 -0.430703 -0.420616 -0.288270 -0.215821
CAC 0.087482 -0.335273 0.109553 -0.619838 -0.254137 0.325493 0.070496 0.102877 0.194959 0.838662 0.040515 -0.160545 -0.449727 0.511055 -0.010195 0.257344 -0.003800 0.417413 0.279013 -0.132258 -0.106651 -0.074806 0.410567 0.406345 -0.173529 -0.243133 -0.956690 -0.573345 0.122935 0.201480
GUU 0.156981 -0.050457 -0.309525 0.281062 -0.034828 -0.389749 -0.186715 0.166967 0.081793 -0.045037 -0.161698 0.619581 0.029364 0.008495 0.392042 0.049891 0.165429 0.212333 -0.119749 0.030145 -0.233826 -0.187582 0.561895 -0.093074 0.255658 0.423259 -0.304216 0.339011 0.338077 0.069256
UGC -0.479188 -0.334172 0.232749 -0.789471 -0.149896 0.020446 0.099765 -0.108865 0.278565 0.314641 -0.155816 -0.709601 -0.000219 -0.390751 -0.266066 0.050969 0.186162 0.269076 0.232782 0.161849 -0.296419 0.188786 0.113116 -0.093678 -0.112112 0.042832 -0.141550 -0.497262 -0.182703 -0.698708
AGU -0.108270 0.353300 0.422891 -0.297167 0.500219 -0.013993 -0.003523 -0.177770 0.153352 0.280544 -0.105687 0.013542 0.384530 0.031815 0.195186 0.321495 0.137842 0.117512 -0.042786 -0.392139 0.134895 -0.146802 -0.046019 0.100899 0.232230 -0.090876 0.311641 0.131942 -0.526027 -0.160663
GCA -0.162939 0.157838 0.327462 0.086560 -0.133723 -0.159027 -0.034010 -0.204588 0.581794 0.125682 -0.077640 0.253290 0.120551 0.204488 0.273076 0.023620 0.198489 0.004566 0.226428 0.546062 0.092133 0.071662 0.375866 0.303178 0.236482 0.073959 -0.186705 0.473054 0.046866 0.155323
AUC -0.042610 0.024036 0.469834 0.027395 0.379643 0.153350 0.152333 0.135868 -0.216361 0.035119 -0.092825 -0.028128 0.364596 0.250249 0.189884 0.154440 0.367067 0.009194 0.087660 -0.832850 0.330318 0.106038 0.320293 0.317911 0.478372 0.042772 0.176945 -0.665157 -0.129127 0.225203
UAG 0.331494 -0.057151 -0.034748 -0.005457 0.230189 -0.024661 -0.113668 0.100644 -0.084332 0.433935 -0.246962 0.267659 0.095029 0.330916 0.678127 0.061599 -0.126635 -0.002925 -0.201793 -0.489351 0.087042 -0.076176 0.220332 0.125725 -0.223821 -0.055771 0.024330 -0.249553 -0.168594 -0.431591
GAG 0.133555 -0.316977 -0.232921 -0.048284 0.460396 0.086891 -0.514603 -0.365268 0.168061 -0.048939 -0.521021 0.006238 0.388818 0.205104 0.371494 -0.148513 -0.291717 0.408906 0.082694 0.638887 -0.028757 0.110187 0.165424 0.370309 0.107742 -0.404420 -0.117910 0.141773 0.212064 -0.050027
UCC -0.635548 0.103904 -0.526877 0.079214 -0.065034 -0.125112 0.185864 0.121161 -0.501687 -0.052783 0.307263 -0.642478 -0.491175 -0.350835 0.018187 0.389334 0.327212 -0.049590 0.048789 0.307088 -0.227026 0.160086 0.006227 -0.194079 -0.106649 0.343004 0.166451 -0.406860 0.081282 0.496271
ACU -0.087327 0.525702 -0.015899 -0.159379 0.202309 -0.262609 0.130327 0.285998 0.038481 0.276684 0.056571 0.092410 -0.058738 0.177148 -0.244147 0.442633 0.291027 -0.179314 -0.200619 -0.215453 -0.103270 -0.112792 -0.059928 -0.203301 0.257839 -0.042746 -0.009085 0.314365 -0.188749 0.231283
CUA -0.061329 0.429382 0.133232 -0.218556 0.612736 -0.121862 0.407161 0.264766 -0.184711 -0.021057 -0.729550 -0.044614 0.364376 0.193442 0.447064 0.092589 -0.479832 -0.357314 0.066828 -0.333024 0.242539 0.444227 0.044396 -0.071448 -0.197506 0.476310 0.545941 0.179496 -0.142366 -0.328423
GUA -0.474329 0.249430 -0.196580 0.361968 -0.330293 -0.227483 0.166615 0.018640 0.244524 -0.033885 0.072723 0.121355 0.086895 -0.236783 0.519784 0.221024 0.102058 0.152141 -0.390336 -0.136531 0.290999 0.270490 0.994924 0.361288 -0.216547 0.255369 0.236384 0.368000 0.157493 -0.204759
GGG -0.293207 0.050963 0.059859 0.372940 0.278870 0.114165 -0.432145 -0.117620 -0.158823 -0.457373 -0.146098 -0.015712 0.019463 0.028700 0.370493 -0.446932 -0.000944 0.964460 0.292834 0.451486 -0.376733 -0.117726 -0.325920 -0.139676 -0.097370 0.393238 -0.025605 0.611679 0.845268 -0.352695
GGA -0.026944 -0.115849 -0.126780 0.217755 0.370218 0.142358 -0.305313 -0.277203 0.087196 -0.098972 -0.282877 0.179067 0.477034 0.229949 0.087199 0.045105 -0.250081 0.556767 0.223146 0.650665 -0.044727 0.163226 0.029261 0.017053 0.278257 -0.024430 0.023616 0.538469 0.298214 -0.083430
CCU -0.323637 0.051562 -0.077017 -0.198017 0.347007 -0.062963 0.027603 -0.081083 -0.264541 0.148918 -0.086976 -0.211357 -0.173330 0.152553 0.240980 0.096148 0.045665 0.147906 0.213398 0.171232 -0.134103 0.298535 -0.408591 -0.259481 -0.098188 -0.039547 0.038739 -0.255220 -0.059876 0.392662
AGC -0.053926 0.194306 -0.142703 -0.209741 0.473544 0.056268 0.265556 -0.294091 0.147162 -0.036294 -0.141176 -0.089868 0.112481 0.246059 -0.351900 0.127949 0.300334 0.199052 0.178563 -0.642438 0.131364 -0.112753 -0.309986 0.199568 -0.181807 0.028051 0.246543 -0.199985 0.257680 0.096685
GAU 0.120267 0.134770 -0.359855 0.186595 0.374809 0.108895 0.069141 -0.211600 0.283729 -0.249832 -0.743987 0.368918 0.169754 0.176695 0.310782 -0.053529 -0.008547 0.327793 -0.119567 0.343961 0.161481 0.713560 0.431525 0.561880 -0.204644 -0.164629 0.324811 0.063068 -0.367597 -0.185756
GCU -0.358340 0.010013 -0.439457 0.165074 -0.163218 -0.293046 -0.038342 -0.237919 0.531453 0.199792 -0.450184 -0.155662 -0.123913 0.110286 0.303263 0.162901 0.104144 0.113783 0.173599 0.561400 0.462960 -0.086123 -0.050466 0.293004 -0.291580 0.131307 0.348281 0.454191 0.147852 -0.317969
ACC -0.464756 0.207496 0.066701 -0.073206 0.344965 0.147919 0.066153 0.394825 -0.466971 -0.111817 0.132643 -0.161227 0.178127 0.605035 -0.157657 0.074536 0.120739 0.226162 0.509501 -0.386212 0.377737 0.121486 -0.076247 -0.104778 -0.191359 -0.102929 0.301612 -0.625987 0.483685 0.357986
CCC -0.830935 -0.043601 -0.106543 -0.043795 0.031828 -0.075766 -0.070512 0.209970 -0.212859 0.029354 0.679763 -0.859044 -0.021103 -0.002284 0.143828 0.153189 0.148092 0.137007 0.701440 0.499903 0.473403 -0.537312 -0.442648 -0.311939 0.013774 0.047471 0.008867 -0.443214 0.426351 0.731768
GAC -0.358021 0.286746 -0.301750 0.330298 0.470625 0.246363 -0.090598 -0.370297 -0.015898 -0.131860 -0.302438 -0.215048 -0.034469 0.215314 0.037045 -0.031737 -0.023960 0.817504 -0.118941 0.301411 -0.226155 0.306693 0.511822 0.879957 0.154606 -0.504787 -0.062876 -0.053859 0.193802 0.137485
GGU -0.176156 -0.132450 0.038790 0.314261 0.127158 -0.001744 -0.406651 -0.219372 -0.044440 -0.056571 -0.462680 0.293296 0.079767 0.181840 0.632675 -0.283436 -0.017591 0.303673 0.139410 0.108414 0.093089 0.149420 -0.022789 0.043116 0.066341 0.108502 0.095005 0.377226 0.296134 -0.265073
CG -0.244354 -0.758138 -0.116625 -0.627981 -0.509760 -0.416158 -0.185886 -0.073718 0.171171 0.038904 -0.750404 -0.495023 -0.546841 0.048882 -0.174822 -0.611898 -0.223460 0.845819 0.777288 -0.138820 -1.115179 -0.208992 0.194499 -0.213964 0.511552 -0.762828 -0.503209 0.233135 0.457517 0.268932
GUC -0.150904 -0.120221 0.168059 -0.234503 0.099013 0.233880 -0.068781 -0.042097 -0.174600 -0.095037 -0.796890 0.251606 -0.267328 0.120697 0.688552 -0.048967 0.042645 0.039102 0.179002 0.459325 -0.153379 0.583848 0.635233 0.718505 0.280739 -0.220968 -0.129085 -0.147744 -0.007408 0.269857
GGC -0.469419 -0.124898 -0.131152 0.458363 0.087779 0.401168 0.119206 -0.015258 0.037421 -0.241882 -0.667595 0.038141 0.220559 0.188870 0.307441 -0.049671 0.021734 0.228535 0.437572 0.594585 -0.175714 0.534385 -0.208021 0.167413 0.268037 -0.159176 0.271488 0.175153 0.648805 0.077348
GCC -0.623778 0.081343 -0.015470 -0.092780 0.132321 -0.125460 -0.253047 -0.234758 0.043543 -0.173835 -0.470235 -0.521204 0.070659 0.345729 0.304920 -0.383880 -0.338756 -0.031848 0.490619 0.756143 0.236326 0.462157 -0.066704 0.048227 -0.288407 -0.233487 0.267189 0.248138 0.115429 0.254528
ACG 0.442671 0.001229 -0.210805 -0.196379 0.154436 -0.591311 -0.118339 -0.957073 0.264824 0.739918 -0.096011 -0.823045 -0.273031 -0.162968 0.491086 -0.676852 0.222628 0.239805 -0.277000 -0.663801 -0.462680 -0.162440 0.441995 0.507817 -0.587593 -0.938623 0.516492 0.613687 -0.335938 1.126571
UCG 0.656191 -0.431057 0.410115 0.221475 0.057165 -0.419073 0.123238 0.519786 -0.235588 0.933494 0.442355 -1.112367 0.503221 0.319811 1.094479 -0.135441 0.263425 0.036040 0.721930 -0.123698 -0.017056 -0.442650 -0.014717 -0.178129 1.455558 -0.216157 0.090570 0.688535 0.519272 -0.187073
CGU -0.587265 0.397019 0.624570 0.544002 -0.034127 -0.162500 -0.114169 -0.219257 0.110183 1.603980 -0.907050 -0.623369 -0.478187 0.518232 -0.315857 -0.147782 -0.547474 -0.032203 0.083382 0.227556 -1.126094 -0.293100 0.019033 -0.303882 0.522781 -0.166071 -0.679949 0.850229 -0.302804 0.199363
CCG -0.906864 -0.036734 0.005128 0.731940 -1.018154 -0.403624 0.582281 0.089386 0.496782 0.478454 -0.062931 0.200648 -0.428826 0.285723 0.305910 0.508710 0.931335 0.520553 0.654108 0.816576 0.252842 -0.533258 -0.779191 -0.537311 0.371560 -0.871281 0.643871 0.241349 0.031103 1.215510
GCG -0.821216 -0.077304 1.281481 -0.283275 -0.581584 -0.286228 0.388425 -0.192216 1.621762 0.120698 -0.956946 -0.194302 0.123631 -1.158069 0.122980 -2.049453 0.241973 0.112559 1.068377 0.686369 0.715993 -1.130928 -0.217054 0.775713 0.481324 -0.057513 0.330774 0.580773 0.351006 0.326104
CGG 0.572721 -0.540319 -0.788218 -0.420004 -0.192444 0.077608 1.095902 -0.352564 0.463292 0.179422 -0.643871 -0.109259 0.271590 0.431792 0.461460 0.077292 0.149408 0.260719 1.770158 0.062933 -1.002654 -0.013547 -0.189647 -0.085245 -0.122060 0.364920 0.731431 0.738102 1.149194 0.621365
CGA -0.668877 -0.538162 -0.769680 0.264739 -0.314825 -0.167413 -0.490503 -0.323333 0.166569 0.100963 -0.931665 -0.828724 -0.126617 0.034772 0.095511 -0.344691 -0.100785 -0.072251 -0.185498 -0.701216 0.370878 -0.330691 -0.115808 0.335163 -0.401362 -0.816400 0.585513 0.269733 0.929519 0.361704
CGC -0.880079 -0.919631 0.262359 -0.771482 -1.171592 0.668635 0.061185 0.721077 -0.087134 0.248033 -1.194655 -0.143313 -1.112143 0.296807 0.502271 -0.199888 -0.613712 0.591794 1.040994 -0.247886 0.067279 -0.491633 -0.543188 0.459406 0.496114 -0.946076 -0.281850 -0.043128 1.219768 -0.006323
<unk> 0.042894 -0.066026 0.033579 0.061975 -0.090460 0.051911 0.029558 -0.040592 0.021543 -0.045211 -0.009263 -0.052380 -0.035864 -0.001689 -0.043213 -0.067965 -0.011314 -0.029316 0.074441 0.021473 -0.018178 -0.005708 -0.108572 -0.017261 0.009789 -0.046396 0.024045 0.029772 -0.030676 0.038965
